1 2
1 21
2 1
2 22
3 25
3 38
4 5
4 38
4 52
5 4
5 6
5 8
6 5
6 7
7 6
7 8
8 5
8 7
8 9
8 52
8 53
9 8
9 10
9 54
10 9
10 11
10 55
11 10
11 12
11 56
12 11
12 13
12 57
13 12
13 14
13 58
14 13
14 15
15 14
15 16
16 15
16 17
16 61
17 16
17 18
17 62
18 17
18 19
18 63
19 18
19 64
20 21
20 27
20 31
21 20
21 1
21 22
21 33
22 2
22 23
22 34
22 21
23 22
23 24
23 35
24 23
24 25
24 36
25 24
25 37
25 3
26 27
26 39
27 26
27 40
27 28
27 20
28 27
28 41
28 29
28 31
29 28
29 42
29 30
29 32
30 29
30 32
30 45
30 43
31 20
31 28
31 32
32 31
32 29
32 30
32 33
33 32
33 21
33 34
33 46
34 22
34 33
34 47
34 35
35 23
35 34
35 48
35 36
36 24
36 35
36 37
36 49
37 25
37 36
37 38
37 50
38 3
38 37
38 51
38 4
39 26
39 40
39 65
40 27
40 39
40 41
40 66
41 28
41 40
41 67
41 42
42 29
42 41
42 43
42 68
43 30
43 42
43 69
43 44
44 43
44 45
44 70
44 72
45 30
45 44
45 46
46 33
46 45
46 47
46 75
47 34
47 46
47 48
47 76
48 35
48 47
48 77
48 49
49 36
49 48
49 50
49 78
50 37
50 49
50 51
50 82
51 38
51 50
51 52
51 83
52 4
52 51
52 53
52 83
52 81
53 8
53 52
53 54
54 53
54 55
54 84
55 10
55 54
55 84
55 56
56 11
56 55
56 57
56 85
57 12
57 56
57 58
57 86
58 13
58 57
58 59
58 87
59 58
59 60
59 88
60 59
60 61
60 89
61 16
61 60
61 62
61 90
62 17
62 61
62 63
62 91
63 18
63 62
63 64
63 92
64 19
64 63
64 93
65 39
65 66
65 95
66 40
66 65
66 67
66 96
67 41
67 66
67 68
67 97
68 42
68 67
68 69
68 98
69 43
69 68
69 70
69 99
70 44
70 69
70 71
70 100
71 72
71 70
71 74
71 101
72 44
72 71
72 73
73 72
73 74
73 75
74 73
74 71
74 102
74 103
75 46
75 73
75 76
75 104
76 47
76 75
76 77
76 105
77 48
77 76
77 78
77 108
78 49
78 77
78 79
78 105
78 109
79 82
79 78
79 80
79 110
80 83
80 79
80 81
80 111
81 52
81 80
81 84
81 112
82 50
82 79
82 78
82 83
83 51
83 52
83 82
83 80
84 54
84 55
84 81
84 85
84 113
85 56
85 84
85 86
85 113
86 57
86 85
86 87
86 114
87 58
87 86
87 88
87 115
88 59
88 87
88 89
88 116
89 60
89 88
89 90
89 117
90 61
90 89
90 91
90 118
91 62
91 90
91 92
91 119
92 63
92 91
92 93
92 120
93 64
93 92
93 94
93 121
94 93
94 112
95 65
95 96
95 123
96 66
96 95
96 97
96 124
97 67
97 96
97 98
97 125
98 68
98 97
98 99
98 126
99 69
99 98
99 100
99 127
100 70
100 99
100 101
100 128
101 71
101 100
101 102
101 129
102 74
102 101
102 103
102 130
103 104
103 74
103 102
103 130
103 131
103 133
103 137
103 106
104 75
104 103
104 105
104 106
105 76
105 104
105 78
105 107
106 104
106 103
106 137
106 107
107 105
107 106
107 138
107 108
108 77
108 107
108 139
108 109
109 78
109 108
109 140
109 110
110 79
110 109
110 142
110 111
111 80
111 110
111 143
111 112
112 81
112 111
112 113
112 144
113 84
113 85
113 112
113 114
113 145
114 86
114 113
114 115
114 145
115 87
115 114
115 116
115 148
116 88
116 115
116 117
116 149
117 89
117 116
117 118
117 150
118 90
118 117
118 119
118 151
119 91
119 118
119 120
119 152
120 92
120 119
120 121
120 153
121 93
121 120
121 122
121 154
122 94
122 121
123 95
123 124
123 219
124 96
124 123
124 220
124 125
125 97
125 124
125 221
125 126
126 98
126 125
126 222
126 127
127 99
127 126
127 223
127 128
128 100
128 127
128 224
128 129
129 101
129 128
129 225
129 130
130 102
130 129
130 225
130 103
130 131
131 103
131 130
131 227
131 132
132 133
132 131
132 228
132 183
132 134
133 103
133 132
133 134
134 133
134 132
134 182
134 135
135 137
135 134
135 181
135 136
136 138
136 135
136 180
136 139
137 106
137 103
137 135
137 138
138 107
138 137
138 136
138 139
139 108
139 138
139 136
139 179
139 140
139 141
140 109
140 139
140 141
140 142
141 140
141 139
141 178
141 161
142 110
142 140
142 161
142 143
143 111
143 142
143 162
143 144
144 112
144 143
144 163
144 146
145 113
145 114
145 146
146 145
146 144
146 148
146 147
147 146
147 148
147 160
148 115
148 146
148 147
148 149
149 116
149 148
149 160
149 150
150 117
150 149
150 159
150 151
151 118
151 150
151 158
151 152
152 119
152 151
152 157
152 153
153 120
153 152
153 156
153 154
154 121
154 153
154 155
155 154
155 156
155 168
156 155
156 153
156 157
157 152
157 156
157 158
158 151
158 157
158 165
158 159
159 150
159 158
159 164
159 160
160 147
160 149
160 159
160 164
161 142
161 141
161 177
161 162
162 143
162 161
162 177
162 175
162 163
163 144
163 162
163 174
163 164
164 160
164 159
164 163
164 165
164 173
165 158
165 164
165 172
165 166
166 157
166 165
166 171
166 167
167 166
167 168
167 170
168 167
168 155
168 169
169 168
169 170
170 167
170 169
170 171
171 172
171 166
171 170
171 197
172 173
172 165
172 171
173 164
173 174
173 172
174 163
174 175
174 197
174 173
175 162
175 174
175 176
175 198
176 177
176 196
176 175
176 199
177 161
177 162
177 176
177 178
178 141
178 177
178 196
178 179
179 139
179 178
179 195
179 180
180 136
180 179
180 194
180 181
181 135
181 180
181 193
181 182
182 134
182 181
182 192
182 183
183 132
183 182
183 191
183 184
184 228
184 183
184 190
184 185
185 228
185 184
185 189
185 186
186 185
186 229
186 187
186 188
187 186
187 188
187 245
188 186
188 189
188 208
188 187
189 185
189 190
189 207
189 188
190 184
190 191
190 206
190 189
191 183
191 192
191 205
191 190
192 182
192 193
192 204
192 191
193 181
193 194
193 203
193 192
194 180
194 195
194 202
194 193
195 179
195 196
195 201
195 194
196 178
196 176
196 200
196 195
197 171
197 174
197 198
198 197
198 175
198 199
199 176
199 198
199 200
200 196
200 199
200 201
200 212
201 195
201 200
201 202
202 194
202 201
202 203
202 210
203 193
203 202
203 204
204 192
204 203
204 205
204 209
205 191
205 204
205 206
206 190
206 205
206 207
207 189
207 206
208 188
209 204
209 210
210 202
210 209
210 211
211 210
211 212
212 200
212 211
212 213
212 216
213 212
213 214
213 217
214 213
214 215
214 218
215 214
216 212
216 217
217 213
217 216
217 218
218 214
218 217
218 214
218 217
219 123
219 220
219 237
220 124
220 219
220 236
220 221
221 125
221 220
221 235
221 222
222 126
222 221
222 234
222 223
223 127
223 222
223 233
223 224
224 128
224 223
224 232
224 225
225 129
225 224
225 232
225 231
225 226
225 130
226 225
226 227
226 230
227 226
227 131
227 228
227 229
228 227
228 132
228 184
228 185
229 227
229 186
229 245
229 230
230 229
230 226
230 231
231 225
231 230
231 244
231 232
232 225
232 231
232 243
232 242
232 233
232 224
233 223
233 232
233 242
233 234
234 222
234 233
234 241
234 235
235 221
235 234
235 240
235 236
236 220
236 235
236 239
236 237
237 219
237 236
237 238
238 237
238 239
239 236
239 238
239 240
240 235
240 239
240 241
241 234
241 240
241 242
242 233
242 241
242 243
242 232
243 232
243 242
243 244
244 231
244 243
244 245
245 229
245 244
245 187
246 238
238 246
246 239
239 246
247 238
238 247
247 237
237 247
248 237
237 248
248 236
236 248
249 219
219 249
249 220
220 249
250 123
123 250
250 124
124 250
251 95
95 251
251 96
96 251
252 65
65 252
252 66
66 252
253 40
40 253
253 39
39 253
254 27
27 254
254 26
26 254
255 31
31 255
255 20
20 255
256 20
20 256
256 21
21 256
257 2
2 257
257 1
1 257
258 2
2 258
258 1
1 258
259 240
240 259
259 241
241 259
260 240
240 260
260 241
241 260
261 234
234 261
261 235
235 261
262 222
222 262
262 223
223 262
263 126
126 263
263 127
127 263
264 98
98 264
264 99
99 264
265 69
69 265
265 68
68 265
266 42
42 266
266 43
43 266
267 30
30 267
267 45
45 267
268 33
33 268
268 34
34 268
269 35
35 269
269 34
34 269
270 24
24 270
270 23
23 270
271 25
25 271
271 3
3 271
272 244
244 272
272 243
243 272
273 244
244 273
273 245
245 273
274 230
230 274
274 231
231 274
275 225
225 275
275 226
226 275
276 130
130 276
276 129
129 276
277 102
102 277
277 103
103 277
278 74
74 278
278 104
104 278
279 75
75 279
279 76
76 279
280 76
76 280
280 77
77 280
281 49
49 281
281 48
48 281
282 38
38 282
282 37
37 282
283 4
4 283
283 38
38 283
284 3
3 284
284 6
6 284
285 187
187 285
285 208
208 285
286 188
188 286
286 187
187 286
287 186
186 287
287 189
189 287
288 183
183 288
288 184
184 288
289 134
134 289
289 135
135 289
290 135
135 290
290 134
134 290
291 108
108 291
291 107
107 291
292 109
109 292
292 110
110 292
293 79
79 293
293 80
80 293
294 83
83 294
294 81
81 294
295 53
53 295
295 52
52 295
296 8
8 296
296 9
9 296
297 7
7 297
297 6
6 297
298 207
207 298
298 206
206 298
299 205
205 299
299 206
206 299
300 192
192 300
300 191
191 300
301 193
193 301
301 194
194 301
302 179
179 302
302 180
180 302
303 161
161 303
303 178
178 303
304 143
143 304
304 142
142 304
305 144
144 305
305 143
143 305
306 113
113 306
306 112
112 306
307 85
85 307
307 86
86 307
308 57
57 308
308 56
56 308
309 12
12 309
309 13
13 309
310 13
13 310
310 12
12 310
311 209
209 311
311 210
210 311
312 210
210 312
312 209
209 312
313 201
201 313
313 202
202 313
314 200
200 314
314 199
199 314
315 175
175 315
315 176
176 315
316 163
163 316
316 164
164 316
317 160
160 317
317 163
163 317
318 149
149 318
318 150
150 318
319 117
117 319
319 116
116 319
320 90
90 320
320 89
89 320
321 90
90 321
321 89
89 321
322 16
16 322
322 61
61 322
323 16
16 323
323 17
17 323
324 216
216 324
324 217
217 324
325 216
216 325
325 217
217 325
326 214
214 326
326 213
213 326
327 197
197 327
327 198
198 327
328 171
171 328
328 197
197 328
329 166
166 329
329 165
165 329
330 166
166 330
330 167
167 330
331 156
156 331
331 157
157 331
332 154
154 332
332 153
153 332
333 121
121 333
333 120
120 333
334 93
93 334
334 94
94 334
335 64
64 335
335 63
63 335
336 19
19 336
336 18
18 336
337 239
239 337
337 240
240 337
338 236
236 338
338 237
237 338
339 220
220 339
339 219
219 339
340 221
221 340
340 220
220 340
341 125
125 341
341 124
124 341
342 97
97 342
342 96
96 342
343 67
67 343
343 66
66 343
344 41
41 344
344 40
40 344
345 32
32 345
345 29
29 345
346 21
21 346
346 20
20 346
347 22
22 347
347 21
21 347
348 24
24 348
348 23
23 348
349 242
242 349
349 243
243 349
350 232
232 350
350 233
233 350
351 224
224 351
351 232
232 351
352 224
224 352
352 223
223 352
353 128
128 353
353 129
129 353
354 100
100 354
354 101
101 354
355 72
72 355
355 73
73 355
356 44
44 356
356 45
45 356
357 47
47 357
357 46
46 357
358 35
35 358
358 36
36 358
359 37
37 359
359 36
36 359
360 25
25 360
360 3
3 360
361 187
187 361
361 245
245 361
362 186
186 362
362 229
229 362
363 185
185 363
363 184
184 363
364 228
228 364
364 227
227 364
365 132
132 365
365 134
134 365
366 103
103 366
366 137
137 366
367 105
105 367
367 104
104 367
368 77
77 368
368 78
78 368
369 82
82 369
369 79
79 369
370 51
51 370
370 52
52 370
371 4
4 371
371 8
8 371
372 5
5 372
372 6
6 372
373 207
207 373
373 208
208 373
374 190
190 374
374 191
191 374
375 192
192 375
375 191
191 375
376 182
182 376
376 181
181 376
377 180
180 377
377 179
179 377
378 140
140 378
378 139
139 378
379 110
110 379
379 109
109 379
380 111
111 380
380 112
112 380
381 84
84 381
381 81
81 381
382 84
84 382
382 81
81 382
383 10
10 383
383 11
11 383
384 10
10 384
384 11
11 384
385 209
209 385
385 210
210 385
386 204
204 386
386 203
203 386
387 202
202 387
387 201
201 387
388 196
196 388
388 195
195 388
389 178
178 389
389 177
177 389
390 162
162 390
390 163
163 390
391 144
144 391
391 147
147 391
392 146
146 392
392 145
145 392
393 115
115 393
393 114
114 393
394 87
87 394
394 88
88 394
395 59
59 395
395 58
58 395
396 14
14 396
396 13
13 396
397 216
216 397
397 210
210 397
398 211
211 398
398 212
212 398
399 200
200 399
399 199
199 399
400 198
198 400
400 197
197 400
401 174
174 401
401 172
172 401
402 164
164 402
402 165
165 402
403 158
158 403
403 159
159 403
404 151
151 404
404 152
152 404
405 118
118 405
405 119
119 405
406 91
91 406
406 90
90 406
407 62
62 407
407 63
63 407
408 18
18 408
408 19
19 408
409 217
217 409
409 216
216 409
410 218
218 410
410 217
217 410
411 215
215 411
411 214
214 411
412 170
170 412
412 171
171 412
413 169
169 413
413 170
170 413
414 168
168 414
414 167
167 414
415 155
155 415
415 156
156 415
416 154
154 416
416 153
153 416
417 122
122 417
417 121
121 417
418 94
94 418
418 93
93 418
419 64
64 419
419 94
94 419
420 64
64 420
420 94
94 420
421 67
67 421
421 68
68 421
422 64
64 422
422 63
63 422
423 85
85 423
423 86
86 423
424 74
74 424
424 73
73 424
425 222
222 425
425 221
221 425
426 156
156 426
426 155
155 426
427 211
211 427
427 210
210 427
428 46
46 428
428 47
47 428
429 162
162 429
429 160
160 429
430 23
23 430
430 22
22 430
431 52
52 431
431 51
51 431
432 183
183 432
432 182
182 432
