430
1638
1 2 80
1 21 317
2 1 80
2 22 300
3 25 96
3 38 236
4 5 97
4 38 86
4 52 237
5 4 97
5 6 73
5 8 145
6 5 73
6 7 76
7 6 76
7 8 173
8 5 145
8 7 173
8 9 77
8 52 163
8 53 106
9 8 77
9 10 81
9 54 176
10 9 81
10 11 82
10 55 176
11 10 82
11 12 80
11 56 173
12 11 80
12 13 84
12 57 171
13 12 84
13 14 77
13 58 175
14 13 77
14 15 81
15 14 81
15 16 80
16 15 80
16 17 81
16 61 174
17 16 81
17 18 78
17 62 172
18 17 78
18 19 80
18 63 172
19 18 80
19 64 169
20 21 82
20 27 278
20 31 105
21 20 82
21 1 317
21 22 80
21 33 232
22 2 300
22 23 80
22 34 231
22 21 80
23 22 80
23 24 76
23 35 236
24 23 76
24 25 78
24 36 233
25 24 78
25 37 236
25 3 96
26 27 82
26 39 190
27 26 82
27 40 184
27 28 80
27 20 278
28 27 80
28 41 186
28 29 83
28 31 190
29 28 83
29 42 187
29 30 66
29 32 83
30 29 66
30 32 103
30 45 130
30 43 185
31 20 105
31 28 190
31 32 129
32 31 129
32 29 83
32 30 103
32 33 84
33 32 84
33 21 232
33 34 79
33 46 236
34 22 231
34 33 79
34 47 237
34 35 78
35 23 236
35 34 78
35 48 237
35 36 77
36 24 233
36 35 77
36 37 82
36 49 238
37 25 236
37 36 82
37 38 95
37 50 236
38 3 236
38 37 95
38 51 237
38 4 86
39 26 190
39 40 78
39 65 140
40 27 184
40 39 78
40 41 85
40 66 145
41 28 186
41 40 85
41 67 145
41 42 82
42 29 187
42 41 82
42 43 77
42 68 141
43 30 185
43 42 77
43 69 146
43 44 94
44 43 94
44 45 79
44 70 150
44 72 111
45 30 130
45 44 79
45 46 88
46 33 236
46 45 88
46 47 77
46 75 237
47 34 237
47 46 77
47 48 78
47 76 237
48 35 237
48 47 78
48 77 233
48 49 81
49 36 238
49 48 81
49 50 77
49 78 237
50 37 236
50 49 77
50 51 96
50 82 176
51 38 237
51 50 96
51 52 88
51 83 111
52 4 237
52 51 88
52 53 95
52 83 141
52 81 234
53 8 106
53 52 95
53 54 84
54 53 84
54 55 97
54 84 177
55 10 176
55 54 97
55 84 158
55 56 77
56 11 173
56 55 77
56 57 83
56 85 175
57 12 171
57 56 83
57 58 80
57 86 173
58 13 175
58 57 80
58 59 79
58 87 168
59 58 79
59 60 82
59 88 172
60 59 82
60 61 80
60 89 173
61 16 174
61 60 80
61 62 81
61 90 173
62 17 172
62 61 81
62 63 78
62 91 173
63 18 172
63 62 78
63 64 79
63 92 173
64 19 169
64 63 79
64 93 176
65 39 140
65 66 82
65 95 172
66 40 145
66 65 82
66 67 83
66 96 170
67 41 145
67 66 83
67 68 79
67 97 169
68 42 141
68 67 79
68 69 80
68 98 174
69 43 146
69 68 80
69 70 79
69 99 172
70 44 150
70 69 79
70 71 84
70 100 171
71 72 65
71 70 84
71 74 77
71 101 177
72 44 111
72 71 65
72 73 51
73 72 51
73 74 58
73 75 84
74 73 58
74 71 77
74 102 153
74 103 165
75 46 237
75 73 84
75 76 77
75 104 151
76 47 237
76 75 77
76 77 79
76 105 98
77 48 233
77 76 79
77 78 76
77 108 243
78 49 237
78 77 76
78 79 83
78 105 181
78 109 243
79 82 65
79 78 83
79 80 94
79 110 238
80 83 129
80 79 94
80 81 91
80 111 239
81 52 234
81 80 91
81 84 101
81 112 241
82 50 176
82 79 65
82 78 104
82 83 115
83 51 111
83 52 141
83 82 115
83 80 129
84 54 177
84 55 158
84 81 101
84 85 97
84 113 215
85 56 175
85 84 97
85 86 83
85 113 172
86 57 173
86 85 83
86 87 78
86 114 176
87 58 168
87 86 78
87 88 81
87 115 175
88 59 172
88 87 81
88 89 79
88 116 175
89 60 173
89 88 79
89 90 81
89 117 175
90 61 173
90 89 81
90 91 81
90 118 175
91 62 173
91 90 81
91 92 75
91 119 173
92 63 173
92 91 75
92 93 83
92 120 172
93 64 176
93 92 83
93 94 81
93 121 173
94 93 81
94 112 829
95 65 172
95 96 80
95 123 213
96 66 170
96 95 80
96 97 80
96 124 193
97 67 169
97 96 80
97 98 81
97 125 184
98 68 174
98 97 81
98 99 82
98 126 183
99 69 172
99 98 82
99 100 79
99 127 183
100 70 171
100 99 79
100 101 83
100 128 187
101 71 177
101 100 83
101 102 82
101 129 186
102 74 153
102 101 82
102 103 79
102 130 201
103 104 126
103 74 165
103 102 79
103 130 230
103 131 218
103 133 129
103 137 132
103 106 98
104 75 151
104 103 126
104 105 92
104 106 89
105 76 98
105 104 92
105 78 181
105 107 143
106 104 89
106 103 98
106 137 77
106 107 76
107 105 143
107 106 76
107 138 148
107 108 78
108 77 243
108 107 78
108 139 232
108 109 78
109 78 243
109 108 78
109 140 232
109 110 79
110 79 238
110 109 79
110 142 233
110 111 99
111 80 239
111 110 99
111 143 234
111 112 91
112 81 241
112 111 91
112 113 95
112 144 236
113 84 215
113 85 172
113 112 95
113 114 73
113 145 131
114 86 176
114 113 73
114 115 80
114 145 114
115 87 175
115 114 80
115 116 79
115 148 175
116 88 175
116 115 79
116 117 79
116 149 173
117 89 175
117 116 79
117 118 81
117 150 171
118 90 175
118 117 81
118 119 82
118 151 172
119 91 173
119 118 82
119 120 76
119 152 173
120 92 172
120 119 76
120 121 82
120 153 175
121 93 173
121 120 82
121 122 80
121 154 175
122 94 170
122 121 80
123 95 213
123 124 80
123 219 198
124 96 193
124 123 80
124 220 216
124 125 83
125 97 184
125 124 83
125 221 228
125 126 83
126 98 183
126 125 83
126 222 225
126 127 77
127 99 183
127 126 77
127 223 224
127 128 82
128 100 187
128 127 82
128 224 224
128 129 82
129 101 186
129 128 82
129 225 223
129 130 79
130 102 201
130 129 79
130 225 221
130 103 230
130 131 80
131 103 218
131 130 80
131 227 206
131 132 86
132 133 119
132 131 86
132 228 207
132 183 261
132 134 71
133 103 129
133 132 119
133 134 121
134 133 121
134 132 71
134 182 238
134 135 88
135 137 158
135 134 88
135 181 240
135 136 79
136 138 86
136 135 79
136 180 238
136 139 78
137 106 77
137 103 132
137 135 158
137 138 109
138 107 148
138 137 109
138 136 86
138 139 113
139 108 232
139 138 113
139 136 78
139 179 244
139 140 78
139 141 98
140 109 232
140 139 78
140 141 57
140 142 78
141 140 57
141 139 98
141 178 183
141 161 107
142 110 233
142 140 78
142 161 133
142 143 98
143 111 234
143 142 98
143 162 216
143 144 86
144 112 236
144 143 86
144 163 305
144 146 104
145 113 131
145 114 114
145 146 72
146 145 72
146 144 104
146 148 55
146 147 90
147 146 90
147 148 80
147 160 136
148 115 175
148 146 55
148 147 80
148 149 77
149 116 173
149 148 77
149 160 184
149 150 79
150 117 171
150 149 79
150 159 187
150 151 83
151 118 172
151 150 83
151 158 190
151 152 80
152 119 173
152 151 80
152 157 187
152 153 80
153 120 175
153 152 80
153 156 190
153 154 80
154 121 175
154 153 80
154 155 187
155 154 187
155 156 80
155 168 175
156 155 80
156 153 190
156 157 76
157 152 187
157 156 76
157 158 83
158 151 190
158 157 83
158 165 173
158 159 81
159 150 187
159 158 81
159 164 176
159 160 80
160 147 136
160 149 184
160 159 80
160 164 190
161 142 133
161 141 107
161 177 108
161 162 124
162 143 216
162 161 124
162 177 94
162 175 260
162 163 130
163 144 305
163 162 130
163 174 170
163 164 128
164 160 190
164 159 176
164 163 128
164 165 89
164 173 187
165 158 173
165 164 89
165 172 98
165 166 85
166 157 175
166 165 85
166 171 255
166 167 76
167 166 76
167 168 81
167 170 200
168 167 81
168 155 175
168 169 156
169 168 156
169 170 89
170 167 200
170 169 89
170 171 112
171 172 205
171 166 255
171 170 112
171 197 116
172 173 94
172 165 98
172 171 205
173 164 187
173 174 138
173 172 94
174 163 170
174 175 88
174 197 207
174 173 138
175 162 260
175 174 88
175 176 97
175 198 205
176 177 236
176 196 76
176 175 97
176 199 206
177 161 108
177 162 94
177 176 236
177 178 78
178 141 183
178 177 78
178 196 233
178 179 80
179 139 244
179 178 80
179 195 235
179 180 78
180 136 238
180 179 78
180 194 238
180 181 77
181 135 240
181 180 77
181 193 233
181 182 86
182 134 238
182 181 86
182 192 237
182 183 84
183 132 261
183 182 84
183 191 238
183 184 82
184 228 98
184 183 82
184 190 237
184 185 89
185 228 114
185 184 89
185 189 241
185 186 119
186 185 119
186 229 87
186 187 175
186 188 146
187 186 175
187 188 104
187 245 85
188 186 146
188 189 81
188 208 77
188 187 104
189 185 241
189 190 77
189 207 205
189 188 81
190 184 237
190 191 81
190 206 206
190 189 77
191 183 238
191 192 82
191 205 209
191 190 81
192 182 237
192 193 85
192 204 208
192 191 82
193 181 233
193 194 79
193 203 210
193 192 85
194 180 238
194 195 77
194 202 204
194 193 79
195 179 235
195 196 81
195 201 207
195 194 77
196 178 233
196 176 76
196 200 209
196 195 81
197 171 116
197 174 207
197 198 87
198 197 87
198 175 205
198 199 94
199 176 206
199 198 94
199 200 78
200 196 209
200 199 78
200 201 80
200 212 236
201 195 207
201 200 80
201 202 78
202 194 204
202 201 78
202 203 80
202 210 240
203 193 210
203 202 80
203 204 83
204 192 208
204 203 83
204 205 85
204 209 234
205 191 209
205 204 85
205 206 79
206 190 206
206 205 79
206 207 78
207 189 205
207 206 78
208 188 77
209 204 234
209 210 104
210 202 240
210 209 104
210 211 115
211 210 115
211 212 77
212 200 236
212 211 77
212 213 77
212 216 239
213 212 77
213 214 97
213 217 237
214 213 97
214 215 89
214 218 240
215 214 89
216 212 239
216 217 79
217 213 237
217 216 79
217 218 97
218 214 240
218 217 97
218 214 240
218 217 97
219 123 198
219 220 77
219 237 215
220 124 216
220 219 77
220 236 216
220 221 82
221 125 228
221 220 82
221 235 213
221 222 83
222 126 225
222 221 83
222 234 215
222 223 79
223 127 224
223 222 79
223 233 218
223 224 83
224 128 224
224 223 83
224 232 213
224 225 82
225 129 223
225 224 82
225 232 231
225 231 216
225 226 77
225 130 221
226 225 77
226 227 79
226 230 212
227 226 79
227 131 206
227 228 83
227 229 215
228 227 83
228 132 207
228 184 98
228 185 114
229 227 215
229 186 87
229 245 208
229 230 75
230 229 75
230 226 212
230 231 79
231 225 216
231 230 79
231 244 208
231 232 80
232 225 231
232 231 80
232 243 210
232 242 225
232 233 86
232 224 213
233 223 218
233 232 86
233 242 206
233 234 77
234 222 215
234 233 77
234 241 210
234 235 85
235 221 213
235 234 85
235 240 209
235 236 79
236 220 216
236 235 79
236 239 207
236 237 77
237 219 215
237 236 77
237 238 207
238 237 207
238 239 77
239 236 207
239 238 77
239 240 83
240 235 209
240 239 83
240 241 85
241 234 210
241 240 85
241 242 76
242 233 206
242 241 76
242 243 83
242 232 225
243 232 210
243 242 83
243 244 82
244 231 208
244 243 82
244 245 156
245 229 208
245 244 156
245 187 85
246 238 80
238 246 80
246 239 158
239 246 158
247 238 98
238 247 98
247 237 130
237 247 130
248 237 87
237 248 87
248 236 124
236 248 124
249 219 28
219 249 28
249 220 81
220 249 81
250 123 13
123 250 13
250 124 94
124 250 94
251 95 4
95 251 4
251 96 78
96 251 78
252 65 27
65 252 27
252 66 74
66 252 74
253 40 28
40 253 28
253 39 50
39 253 50
254 27 17
27 254 17
254 26 67
26 254 67
255 31 102
31 255 102
255 20 120
20 255 120
256 20 39
20 256 39
256 21 99
21 256 99
257 2 127
2 257 127
257 1 145
1 257 145
258 2 63
2 258 63
258 1 122
1 258 122
259 240 47
240 259 47
259 241 53
241 259 53
260 240 70
240 260 70
260 241 100
241 260 100
261 234 48
234 261 48
261 235 67
235 261 67
262 222 2
222 262 2
262 223 77
223 262 77
263 126 23
126 263 23
263 127 70
127 263 70
264 98 38
98 264 38
264 99 44
99 264 44
265 69 28
69 265 28
265 68 55
68 265 55
266 42 41
42 266 41
266 43 51
43 266 51
267 30 52
30 267 52
267 45 84
45 267 84
268 33 34
33 268 34
268 34 69
34 268 69
269 35 90
35 269 90
269 34 105
34 269 105
270 24 19
24 270 19
270 23 64
23 270 64
271 25 95
25 271 95
271 3 125
3 271 125
272 244 97
244 272 97
272 243 143
243 272 143
273 244 45
244 273 45
273 245 116
245 273 116
274 230 24
230 274 24
274 231 54
231 274 54
275 225 30
225 275 30
275 226 48
226 275 48
276 130 6
130 276 6
276 129 76
129 276 76
277 102 54
102 277 54
277 103 83
103 277 83
278 74 69
74 278 69
278 104 88
104 278 88
279 75 13
75 279 13
279 76 63
76 279 63
280 76 117
76 280 117
280 77 123
77 280 123
281 49 10
49 281 10
281 48 79
48 281 79
282 38 56
38 282 56
282 37 81
37 282 81
283 4 31
4 283 31
283 38 67
38 283 67
284 3 144
3 284 144
284 6 164
6 284 164
285 187 136
187 285 136
285 208 149
208 285 149
286 188 43
188 286 43
286 187 61
187 286 61
287 186 106
186 287 106
287 189 110
189 287 110
288 183 28
183 288 28
288 184 72
184 288 72
289 134 97
134 289 97
289 135 131
135 289 131
290 135 4
135 290 4
290 134 83
134 290 83
291 108 67
108 291 67
291 107 73
107 291 73
292 109 30
109 292 30
292 110 83
110 292 83
293 79 33
79 293 33
293 80 63
80 293 63
294 83 78
83 294 78
294 81 80
81 294 80
295 53 31
53 295 31
295 52 68
52 295 68
296 8 58
8 296 58
296 9 70
9 296 70
297 7 73
7 297 73
297 6 149
6 297 149
298 207 146
207 298 146
298 206 158
206 298 158
299 205 8
205 299 8
299 206 71
206 299 71
300 192 64
192 300 64
300 191 105
191 300 105
301 193 20
193 301 20
301 194 64
194 301 64
302 179 18
179 302 18
302 180 69
180 302 69
303 161 56
161 303 56
303 178 81
178 303 81
304 143 49
143 304 49
304 142 50
142 304 50
305 144 56
144 305 56
305 143 92
143 305 92
306 113 24
113 306 24
306 112 74
112 306 74
307 85 37
85 307 37
307 86 48
86 307 48
308 57 12
57 308 12
308 56 78
56 308 78
309 12 27
12 309 27
309 13 61
13 309 61
310 13 154
13 310 154
310 12 158
12 310 158
311 209 58
209 311 58
311 210 143
210 311 143
312 210 25
210 312 25
312 209 98
209 312 98
313 201 28
201 313 28
313 202 77
202 313 77
314 200 44
200 314 44
314 199 50
199 314 50
315 175 25
175 315 25
315 176 73
176 315 73
316 163 22
163 316 22
316 164 110
164 316 110
317 160 88
160 317 88
317 163 91
163 317 91
318 149 28
149 318 28
318 150 52
150 318 52
319 117 70
117 319 70
319 116 77
116 319 77
320 90 81
90 320 81
320 89 84
89 320 84
321 90 70
90 321 70
321 89 98
89 321 98
322 16 79
16 322 79
322 61 94
61 322 94
323 16 49
16 323 49
323 17 77
17 323 77
324 216 71
216 324 71
324 217 148
217 324 148
325 216 48
216 325 48
325 217 76
217 325 76
326 214 53
214 326 53
326 213 64
213 326 64
327 197 106
197 327 106
327 198 130
198 327 130
328 171 30
171 328 30
328 197 87
197 328 87
329 166 65
166 329 65
329 165 83
165 329 83
330 166 35
166 330 35
330 167 55
167 330 55
331 156 31
156 331 31
331 157 53
157 331 53
332 154 30
154 332 30
332 153 77
153 332 77
333 121 8
121 333 8
333 120 79
120 333 79
334 93 25
93 334 25
334 94 83
94 334 83
335 64 7
64 335 7
335 63 86
63 335 86
336 19 41
19 336 41
336 18 121
18 336 121
337 239 8
239 337 8
337 240 79
240 337 79
338 236 8
236 338 8
338 237 69
237 338 69
339 220 47
220 339 47
339 219 90
219 339 90
340 221 98
221 340 98
340 220 123
220 340 123
341 125 39
125 341 39
341 124 57
124 341 57
342 97 50
97 342 50
342 96 54
96 342 54
343 67 53
67 343 53
343 66 82
66 343 82
344 41 46
41 344 46
344 40 80
40 344 80
345 32 37
32 345 37
345 29 88
29 345 88
346 21 66
21 346 66
346 20 69
20 346 69
347 22 28
22 347 28
347 21 62
21 347 62
348 24 144
24 348 144
348 23 156
23 348 156
349 242 15
242 349 15
349 243 73
243 349 73
350 232 66
232 350 66
350 233 80
233 350 80
351 224 96
224 351 96
351 232 118
232 351 118
352 224 51
224 352 51
352 223 92
223 352 92
353 128 16
128 353 16
353 129 66
129 353 66
354 100 37
100 354 37
354 101 50
101 354 50
355 72 13
72 355 13
355 73 57
73 355 57
356 44 28
44 356 28
356 45 81
45 356 81
357 47 76
47 357 76
357 46 105
46 357 105
358 35 21
35 358 21
358 36 57
36 358 57
359 37 104
37 359 104
359 36 128
36 359 128
360 25 50
25 360 50
360 3 51
3 360 51
361 187 41
187 361 41
361 245 52
245 361 52
362 186 22
186 362 22
362 229 95
229 362 95
363 185 6
185 363 6
363 184 93
184 363 93
364 228 57
228 364 57
364 227 86
227 364 86
365 132 24
132 365 24
365 134 59
134 365 59
366 103 68
103 366 68
366 137 69
137 366 69
367 105 38
105 367 38
367 104 87
104 367 87
368 77 33
77 368 33
368 78 47
78 368 47
369 82 36
82 369 36
369 79 98
79 369 98
370 51 26
51 370 26
370 52 62
52 370 62
371 4 109
4 371 109
371 8 120
8 371 120
372 5 12
5 372 12
372 6 66
6 372 66
373 207 81
207 373 81
373 208 104
208 373 104
374 190 29
190 374 29
374 191 77
191 374 77
375 192 38
192 375 38
375 191 84
191 375 84
376 182 19
182 376 19
376 181 69
181 376 69
377 180 106
180 377 106
377 179 109
179 377 109
378 140 32
140 378 32
378 139 46
139 378 46
379 110 118
110 379 118
379 109 119
109 379 119
380 111 12
111 380 12
380 112 86
112 380 86
381 84 63
84 381 63
381 81 83
81 381 83
382 84 46
84 382 46
382 81 107
81 382 107
383 10 66
10 383 66
383 11 70
11 383 70
384 10 81
10 384 81
384 11 111
11 384 111
385 209 54
209 385 54
385 210 155
210 385 155
386 204 19
204 386 19
386 203 65
203 386 65
387 202 85
202 387 85
387 201 115
201 387 115
388 196 44
196 388 44
388 195 44
195 388 44
389 178 115
178 389 115
389 177 117
177 389 117
390 162 59
162 390 59
390 163 100
163 390 100
391 144 63
144 391 63
391 147 66
147 391 66
392 146 18
146 392 18
392 145 53
145 392 53
393 115 33
115 393 33
393 114 64
114 393 64
394 87 32
87 394 32
394 88 52
88 394 52
395 59 16
59 395 16
395 58 66
58 395 66
396 14 13
14 396 13
396 13 67
13 396 67
397 216 167
216 397 167
397 210 168
210 397 168
398 211 35
211 398 35
398 212 47
212 398 47
399 200 91
200 399 91
399 199 91
199 399 91
400 198 26
198 400 26
400 197 79
197 400 79
401 174 26
174 401 26
401 172 75
172 401 75
402 164 43
164 402 43
402 165 47
165 402 47
403 158 3
158 403 3
403 159 77
159 403 77
404 151 23
151 404 23
404 152 81
152 404 81
405 118 25
118 405 25
405 119 63
119 405 63
406 91 25
91 406 25
406 90 56
90 406 56
407 62 35
62 407 35
407 63 43
63 407 43
408 18 62
18 408 62
408 19 91
19 408 91
409 217 89
217 409 89
409 216 98
216 409 98
410 218 19
218 410 19
410 217 99
217 410 99
411 215 33
215 411 33
411 214 100
214 411 100
412 170 169
170 412 169
412 171 186
171 412 186
413 169 48
169 413 48
413 170 58
170 413 58
414 168 9
168 414 9
414 167 74
167 414 74
415 155 17
155 415 17
415 156 86
156 415 86
416 154 57
154 416 57
416 153 115
153 416 115
417 122 55
122 417 55
417 121 112
121 417 112
418 94 67
94 418 67
418 93 146
93 418 146
419 64 174
64 419 174
419 94 174
94 419 174
420 64 228
64 420 228
420 94 245
94 420 245
421 93 50
93 421 50
421 92 74
92 421 74
422 234 70
234 422 70
422 233 105
233 422 105
423 46 100
46 423 100
423 44 106
44 423 106
424 31 40
31 424 40
424 33 123
33 424 123
425 182 61
182 425 61
425 181 95
181 425 95
426 52 32
52 426 32
426 53 81
53 426 81
427 165 24
165 427 24
427 164 66
164 427 66
428 98 3
98 428 3
428 97 81
97 428 81
429 24 99
24 429 99
429 23 123
23 429 123
430 113 50
113 430 50
430 114 56
114 430 56
