1   4   8   5   10  11  12  3   9   6   7   2  
2   6   3   11  9   8   4   10  12  1   7   5  
3   11  9   2   4   6   8   1   10  12  5   7  
4   1   8   12  11  3   5   9   10  6   7   2  
5   1   12  4   8   9   10  11  3   7   6   2  
6   9   2   3   12  7   11  4   8   1   5   10 
7   12  9   6   4   5   3   8   1   11  2   10 
8   4   11  1   10  3   12  5   9   2   6   7  
9   6   12  3   4   7   11  2   8   1   5   10 
10  8   11  1   4   3   5   12  9   2   6   7  
11  3   8   4   10  1   2   9   12  6   5   7  
12  9   4   5   7   1   6   8   3   11  10  2  
