-7.393068599999999435e+01 4.066360199999999736e+01
-7.392984099999999614e+01 4.066394400000000076e+01
-7.392459499999999650e+01 4.066384800000000155e+01
-7.392195399999999950e+01 4.066273999999999944e+01
-7.392105599999999299e+01 4.066328699999999685e+01
-7.392098400000000424e+01 4.066394400000000076e+01
-7.392008599999999774e+01 4.066406700000000285e+01
-7.391963599999999701e+01 4.066254800000000103e+01
-7.391873800000000472e+01 4.066269900000000348e+01
-7.391778600000000665e+01 4.066283500000000117e+01
-7.391683399999999438e+01 4.066298599999999652e+01
-7.391589899999999602e+01 4.066310899999999862e+01
-7.391491100000000358e+01 4.066324600000000089e+01
-7.391401299999999708e+01 4.066339599999999876e+01
-7.391306099999999901e+01 4.066351900000000086e+01
-7.391212699999999813e+01 4.066368400000000349e+01
-7.391117400000000259e+01 4.066380699999999848e+01
-7.391025799999999890e+01 4.066394400000000076e+01
-7.390932399999999802e+01 4.066407999999999845e+01
-7.392901500000000681e+01 4.066091999999999729e+01
-7.392827800000000593e+01 4.066141199999999856e+01
-7.392754100000000506e+01 4.066187800000000152e+01
-7.392684099999999603e+01 4.066237000000000279e+01
-7.392614000000000374e+01 4.066280799999999829e+01
-7.392545699999999442e+01 4.066328299999999984e+01
-7.393011099999999658e+01 4.065837199999999996e+01
-7.392914000000000385e+01 4.065841300000000302e+01
-7.392818800000000579e+01 4.065848100000000187e+01
-7.392719999999999914e+01 4.065854900000000072e+01
-7.392641000000000417e+01 4.065860399999999686e+01
-7.392820600000000297e+01 4.066019099999999753e+01
-7.392721799999999632e+01 4.065930199999999672e+01
-7.392648099999999545e+01 4.065982199999999835e+01
-7.392576300000000344e+01 4.066028699999999674e+01
-7.392504399999999976e+01 4.066073899999999952e+01
-7.392436100000000465e+01 4.066120399999999790e+01
-7.392360700000000406e+01 4.066168299999999647e+01
-7.392274500000000614e+01 4.066224400000000117e+01
-7.392991299999999910e+01 4.065666099999999972e+01
-7.392899699999999541e+01 4.065675699999999892e+01
-7.392799100000000578e+01 4.065681200000000217e+01
-7.392701999999999884e+01 4.065686600000000084e+01
-7.392610399999999515e+01 4.065694899999999734e+01
-7.392498999999999398e+01 4.065705799999999925e+01
-7.392543899999999724e+01 4.065768700000000280e+01
-7.392464900000000227e+01 4.065820699999999732e+01
-7.392394799999999577e+01 4.065865900000000011e+01
-7.392323000000000377e+01 4.065910999999999831e+01
-7.392249300000000289e+01 4.065958899999999687e+01
-7.392180999999999358e+01 4.066005499999999984e+01
-7.392092999999999847e+01 4.066061599999999743e+01
-7.392012099999999464e+01 4.066112199999999888e+01
-7.391922300000000234e+01 4.066164200000000051e+01
-7.391848699999999894e+01 4.066112199999999888e+01
-7.391735500000000059e+01 4.066128599999999693e+01
-7.391645599999999661e+01 4.066145000000000209e+01
-7.391548600000000135e+01 4.066160099999999744e+01
-7.391453400000000329e+01 4.066169599999999917e+01
-7.391361799999999960e+01 4.066184700000000163e+01
-7.391266600000000153e+01 4.066201099999999968e+01
-7.391173100000000318e+01 4.066214800000000196e+01
-7.391077900000000511e+01 4.066228499999999713e+01
-7.390986300000000142e+01 4.066242199999999940e+01
-7.390894699999999773e+01 4.066258599999999745e+01
-7.392980500000000177e+01 4.065540200000000226e+01
-7.392883500000000652e+01 4.065545699999999840e+01
-7.392784699999999987e+01 4.065551200000000165e+01
-7.392691299999999899e+01 4.065559400000000068e+01
-7.392596000000000345e+01 4.065563499999999664e+01
-7.392502600000000257e+01 4.065570300000000259e+01
-7.392403799999999592e+01 4.065581300000000198e+01
-7.392398400000000436e+01 4.065640100000000245e+01
-7.392357099999999548e+01 4.065605899999999906e+01
-7.392314000000000362e+01 4.065564899999999682e+01
-7.392283399999999460e+01 4.065657900000000069e+01
-7.392213399999999979e+01 4.065703100000000347e+01
-7.392143299999999329e+01 4.065751000000000204e+01
-7.392071400000000381e+01 4.065793399999999735e+01
-7.391994200000000603e+01 4.065839900000000284e+01
-7.391909699999999361e+01 4.065896000000000043e+01
-7.391830699999999865e+01 4.065952099999999803e+01
-7.392044500000000085e+01 4.065885000000000105e+01
-7.392008599999999774e+01 4.065984900000000124e+01
-7.391719299999999748e+01 4.065986300000000142e+01
-7.391604300000000194e+01 4.065990399999999738e+01
-7.391507300000000669e+01 4.066006800000000254e+01
-7.391415700000000299e+01 4.066020499999999771e+01
-7.391320500000000493e+01 4.066032799999999980e+01
-7.391228800000000376e+01 4.066047900000000226e+01
-7.391133600000000570e+01 4.066061599999999743e+01
-7.391038399999999342e+01 4.066075200000000223e+01
-7.390950399999999831e+01 4.066088899999999740e+01
-7.390853300000000559e+01 4.066102599999999967e+01
-7.390758099999999331e+01 4.066114900000000176e+01
-7.392961200000000588e+01 4.065385599999999755e+01
-7.392865999999999360e+01 4.065392500000000098e+01
-7.392770799999999554e+01 4.065399299999999982e+01
-7.392673800000000028e+01 4.065403400000000289e+01
-7.392576699999999335e+01 4.065408899999999903e+01
-7.392483300000000668e+01 4.065417099999999806e+01
-7.392384500000000003e+01 4.065422600000000131e+01
-7.392287500000000477e+01 4.065427999999999997e+01
-7.392195900000000108e+01 4.065445799999999821e+01
-7.392163499999999487e+01 4.065556699999999779e+01
-7.392134799999999473e+01 4.065637399999999957e+01
-7.392096999999999696e+01 4.065493699999999677e+01
-7.392027000000000214e+01 4.065537499999999937e+01
-7.391956899999999564e+01 4.065583999999999776e+01
-7.391883199999999476e+01 4.065627800000000036e+01
-7.391813199999999995e+01 4.065675699999999892e+01
-7.391723299999999597e+01 4.065733199999999670e+01
-7.391642500000000382e+01 4.065787900000000121e+01
-7.391552699999999732e+01 4.065839900000000284e+01
-7.391466400000000192e+01 4.065850799999999765e+01
-7.391373000000000104e+01 4.065865900000000011e+01
-7.391279600000000016e+01 4.065878200000000220e+01
-7.391187999999999647e+01 4.065893299999999755e+01
-7.391092700000000093e+01 4.065906900000000235e+01
-7.390997500000000286e+01 4.065921999999999770e+01
-7.390909499999999355e+01 4.065937000000000268e+01
-7.390812499999999829e+01 4.065949400000000225e+01
-7.390718999999999994e+01 4.065964400000000012e+01
-7.392937899999999729e+01 4.065194000000000329e+01
-7.392847999999999331e+01 4.065218699999999785e+01
-7.392750999999999806e+01 4.065233700000000283e+01
-7.392652200000000562e+01 4.065239199999999897e+01
-7.392560600000000193e+01 4.065244700000000222e+01
-7.392463499999999499e+01 4.065249099999999771e+01
-7.392366499999999974e+01 4.065255599999999703e+01
-7.392273099999999886e+01 4.065247399999999800e+01
-7.392177900000000079e+01 4.065250100000000089e+01
-7.392075499999999977e+01 4.065256999999999721e+01
-7.392086299999999710e+01 4.065363700000000335e+01
-7.391996399999999312e+01 4.065278899999999851e+01
-7.391917399999999816e+01 4.065330900000000014e+01
-7.391845499999999447e+01 4.065377399999999852e+01
-7.392039499999999919e+01 4.065438999999999936e+01
-7.391910199999999520e+01 4.065437599999999918e+01
-7.391777199999999937e+01 4.065425299999999709e+01
-7.391703599999999597e+01 4.065469099999999969e+01
-7.391660500000000411e+01 4.065429400000000015e+01
-7.391633500000000367e+01 4.065515599999999807e+01
-7.391543699999999717e+01 4.065571700000000277e+01
-7.391466400000000192e+01 4.065622299999999711e+01
-7.391453900000000488e+01 4.065748200000000168e+01
-7.391396400000000710e+01 4.065700300000000311e+01
-7.391326300000000060e+01 4.065638799999999975e+01
-7.391331700000000637e+01 4.065711300000000250e+01
-7.391241899999999987e+01 4.065724999999999767e+01
-7.391150199999999870e+01 4.065741400000000283e+01
-7.391053200000000345e+01 4.065755099999999800e+01
-7.390959800000000257e+01 4.065768700000000280e+01
-7.390866400000000169e+01 4.065782399999999797e+01
-7.390772900000000334e+01 4.065794700000000006e+01
-7.390731599999999446e+01 4.065629200000000054e+01
-7.390824999999999534e+01 4.065614099999999809e+01
-7.390914899999999932e+01 4.065603200000000328e+01
-7.391011899999999457e+01 4.065586799999999812e+01
-7.391107100000000685e+01 4.065575799999999873e+01
-7.391200499999999352e+01 4.065562099999999646e+01
-7.391532899999999984e+01 4.065422600000000131e+01
-7.391385599999999556e+01 4.065418499999999824e+01
-7.391231100000000254e+01 4.065413000000000210e+01
-7.391078400000000670e+01 4.065418499999999824e+01
-7.390974199999999428e+01 4.065433500000000322e+01
-7.390875300000000436e+01 4.065448599999999857e+01
-7.390785499999999786e+01 4.065460900000000066e+01
-7.390690299999999979e+01 4.065474600000000294e+01
-7.390658000000000527e+01 4.065336400000000339e+01
-7.390738799999999742e+01 4.065284400000000176e+01
-7.390841199999999844e+01 4.065220000000000056e+01
-7.391013700000000597e+01 4.065350399999999809e+01
-7.390938199999999370e+01 4.065287099999999754e+01
-7.391101700000000108e+01 4.065295299999999656e+01
-7.391180799999999351e+01 4.065243300000000204e+01
-7.391268800000000283e+01 4.065185799999999716e+01
-7.391448499999999910e+01 4.065348699999999837e+01
-7.391520300000000532e+01 4.065303500000000270e+01
-7.391592199999999480e+01 4.065255599999999703e+01
-7.391665899999999567e+01 4.065211800000000153e+01
-7.391734099999999330e+01 4.065165300000000315e+01
-7.391813199999999995e+01 4.065115999999999730e+01
-7.391890399999999772e+01 4.065068099999999873e+01
-7.391964099999999860e+01 4.065018899999999746e+01
-7.392046700000000214e+01 4.064968300000000312e+01
-7.392037799999999947e+01 4.064861499999999950e+01
-7.392019799999999918e+01 4.064704100000000153e+01
-7.391922800000000393e+01 4.064762999999999948e+01
-7.391849100000000305e+01 4.064810899999999805e+01
-7.391780799999999374e+01 4.064857400000000354e+01
-7.391707200000000455e+01 4.064905300000000210e+01
-7.391631700000000649e+01 4.064952199999999749e+01
-7.391556300000000590e+01 4.065003800000000211e+01
-7.391482600000000502e+01 4.065048999999999779e+01
-7.391412499999999852e+01 4.065094100000000310e+01
-7.391340700000000652e+01 4.065143400000000184e+01
-7.390945399999999665e+01 4.065151600000000087e+01
-7.391024500000000330e+01 4.065100999999999942e+01
-7.391108900000000403e+01 4.065044900000000183e+01
-7.391180799999999351e+01 4.064999699999999905e+01
-7.391252599999999973e+01 4.064951800000000048e+01
-7.391326300000000060e+01 4.064907999999999788e+01
-7.391396400000000710e+01 4.064858799999999661e+01
-7.391471799999999348e+01 4.064809499999999787e+01
-7.391549100000000294e+01 4.064760199999999912e+01
-7.391622700000000634e+01 4.064715100000000092e+01
-7.391692799999999863e+01 4.064668600000000254e+01
-7.391863499999999476e+01 4.064709599999999767e+01
-7.391270600000000002e+01 4.064664400000000199e+01
-7.391175400000000195e+01 4.064724700000000013e+01
-7.391065799999999797e+01 4.064787599999999657e+01
-7.391001099999999724e+01 4.064836900000000242e+01
-7.390929199999999355e+01 4.064880699999999791e+01
-7.390841199999999844e+01 4.064938099999999821e+01
-7.390760400000000629e+01 4.064990099999999984e+01
-7.390819600000000378e+01 4.064671299999999832e+01
-7.390747799999999756e+01 4.064717799999999670e+01
-7.390658000000000527e+01 4.064772599999999869e+01
-7.392919899999999700e+01 4.065016099999999710e+01
-7.392828299999999331e+01 4.065024400000000071e+01
-7.392731200000000058e+01 4.065028499999999667e+01
-7.392632399999999393e+01 4.065036700000000280e+01
-7.392538999999999305e+01 4.065043500000000165e+01
-7.392440200000000061e+01 4.065047599999999761e+01
-7.392343200000000536e+01 4.065055799999999664e+01
-7.392251500000000419e+01 4.065058599999999700e+01
-7.392158100000000331e+01 4.065065400000000295e+01
-7.392059299999999666e+01 4.065070899999999909e+01
-7.392140200000000050e+01 4.064872499999999889e+01
-7.392230000000000700e+01 4.064868400000000292e+01
-7.392323399999999367e+01 4.064861499999999950e+01
-7.392418600000000595e+01 4.064856000000000336e+01
-7.392521000000000697e+01 4.064847799999999722e+01
-7.392612699999999393e+01 4.064843700000000126e+01
-7.392713299999999776e+01 4.064836900000000242e+01
-7.392806699999999864e+01 4.064829999999999899e+01
-7.392898300000000233e+01 4.064823200000000014e+01
-7.392880399999999952e+01 4.064637100000000203e+01
-7.392788699999999835e+01 4.064643900000000087e+01
-7.392689900000000591e+01 4.064649399999999702e+01
-7.392589300000000208e+01 4.064654900000000026e+01
-7.392499499999999557e+01 4.064663099999999929e+01
-7.392400700000000313e+01 4.064667200000000236e+01
-7.392303599999999619e+01 4.064674399999999821e+01
-7.392118600000000583e+01 4.064685300000000012e+01
-7.392979156656900841e+01 4.064612040226236900e+01
-7.392937439208984074e+01 4.064724504718267895e+01
-7.392950790649413761e+01 4.064914104919935056e+01
-7.392986999999999398e+01 4.065047421839883413e+01
-7.392979919596353966e+01 4.065189738542335363e+01
-7.392986999999999398e+01 4.065359503066472513e+01
-7.392986999999999398e+01 4.065515543679767063e+01
-7.392986999999999398e+01 4.065671584293060903e+01
-7.392986999999999398e+01 4.065827624906355453e+01
-7.392986999999999398e+01 4.065983665519650003e+01
-7.392951935058593449e+01 4.066128019570378882e+01
-7.392986999999999398e+01 4.066295746746239104e+01
-7.392986999999999398e+01 4.066451787359533654e+01
-7.392657807872569720e+01 4.064583541906738162e+01
-7.392631442161153643e+01 4.064735340613294312e+01
-7.392645234138353771e+01 4.064871706950204100e+01
-7.392691279585453401e+01 4.065037976170091127e+01
-7.392634896836359815e+01 4.065196662064321487e+01
-7.392624889086270912e+01 4.065391923995790080e+01
-7.392607404154887263e+01 4.065550313325797305e+01
-7.392648540209317787e+01 4.065649301901397905e+01
-7.392642710695857033e+01 4.065827567589420966e+01
-7.392587742959211994e+01 4.065938750637929644e+01
-7.392574535082364662e+01 4.066123996892947190e+01
-7.392626423066590746e+01 4.066294510897409253e+01
-7.392631442161153643e+01 4.066451787359533654e+01
-7.392275884322309309e+01 4.064579299999999762e+01
-7.392275884322309309e+01 4.064735340613294312e+01
-7.392264146251476120e+01 4.064869295349372180e+01
-7.392262972678732069e+01 4.065034086896504562e+01
-7.392294546394212773e+01 4.065246770516284869e+01
-7.392268313254905365e+01 4.065330889838899964e+01
-7.392275884322309309e+01 4.065515543679767063e+01
-7.392268806014853055e+01 4.065659875330292294e+01
-7.392281811294286342e+01 4.065786891814488513e+01
-7.392219744774840251e+01 4.065984846940167330e+01
-7.392322863425803803e+01 4.066150526284245359e+01
-7.392279581026234325e+01 4.066293897484395359e+01
-7.392275884322309309e+01 4.066451787359533654e+01
-7.391933023515396428e+01 4.064582038897705019e+01
-7.391920326483463555e+01 4.064735340613294312e+01
-7.391880725985872402e+01 4.064901516418958494e+01
-7.391888125185242586e+01 4.065047189522799442e+01
-7.391936802035677090e+01 4.065224640772487419e+01
-7.391950534945833340e+01 4.065326312202181214e+01
-7.391935701038879358e+01 4.065530171724234521e+01
-7.391900840842794196e+01 4.065668756857452593e+01
-7.391948429559359113e+01 4.065845623823145161e+01
-7.391916308847524419e+01 4.065978906911568203e+01
-7.391936686723245487e+01 4.066143500550465006e+01
-7.391944973572694266e+01 4.066283434314753009e+01
-7.391920326483463555e+01 4.066451787359533654e+01
-7.391564768644619221e+01 4.064579299999999762e+01
-7.391564768644619221e+01 4.064735340613294312e+01
-7.391593465254926798e+01 4.064919826965833494e+01
-7.391564768644619221e+01 4.065047421839883413e+01
-7.391532048628950236e+01 4.065189164087917106e+01
-7.391561803267622111e+01 4.065382578986849182e+01
-7.391570927959240578e+01 4.065513184872813213e+01
-7.391493450617203109e+01 4.065642364370295780e+01
-7.391581442967462579e+01 4.065815300562191936e+01
-7.391535100386762736e+01 4.065987247493711720e+01
-7.391540983555594835e+01 4.066148707206290425e+01
-7.391567906783247111e+01 4.066275848836986739e+01
-7.391564768644619221e+01 4.066451787359533654e+01
-7.391254756314724261e+01 4.064605499285888612e+01
-7.391198248591364006e+01 4.064743196734869457e+01
-7.391213507380425085e+01 4.064906856995130369e+01
-7.391209210805773466e+01 4.065047421839883413e+01
-7.391205877985893835e+01 4.065219300196315544e+01
-7.391186782614090589e+01 4.065400384234292375e+01
-7.391254384892378937e+01 4.065497749119185045e+01
-7.391213159379918807e+01 4.065713643128611210e+01
-7.391213939053982074e+01 4.065842358497096853e+01
-7.391241896765986041e+01 4.065981066403685418e+01
-7.391161741801766993e+01 4.066131071567393462e+01
-7.391228926795282916e+01 4.066336990655322126e+01
-7.391209210805773466e+01 4.066451787359533654e+01
-7.390853652966927712e+01 4.064579299999999762e+01
-7.390887629195356112e+01 4.064748867199873672e+01
-7.390853652966927712e+01 4.064891381226588862e+01
-7.390853652966927712e+01 4.065047421839883413e+01
-7.390853652966927712e+01 4.065203462453177963e+01
-7.390907936102604481e+01 4.065364459174837464e+01
-7.390830917362673347e+01 4.065489841057318188e+01
-7.390852157595338667e+01 4.065619210657440874e+01
-7.390788941818016156e+01 4.065830340612047422e+01
-7.390827859243826481e+01 4.065967725758229534e+01
-7.390869221688117818e+01 4.066165978222969812e+01
-7.390883242018952615e+01 4.066264248481510890e+01
-7.390853652966927712e+01 4.066451787359533654e+01
-7.392809221080577231e+01 4.064657320306646682e+01
-7.392779261844566463e+01 4.064810859279629085e+01
-7.392809221080577231e+01 4.064969401533235782e+01
-7.392775689031499553e+01 4.065116966068381998e+01
-7.392822991277593303e+01 4.065253160508330410e+01
-7.392781811190555175e+01 4.065450147750018317e+01
-7.392832158979985024e+01 4.065616428677437710e+01
-7.392781435935305012e+01 4.065729436459977109e+01
-7.392747993755942559e+01 4.065901164664406764e+01
-7.392830490456348969e+01 4.066056422858618902e+01
-7.392781143379612274e+01 4.066200205349299779e+01
-7.392809221080577231e+01 4.066373767052886734e+01
-7.392453663241731476e+01 4.064657320306646682e+01
-7.392414423173599403e+01 4.064834468240731979e+01
-7.392447611039810340e+01 4.064982869711930391e+01
-7.392429317597503768e+01 4.065074213544286152e+01
-7.392449899858169715e+01 4.065268037827666348e+01
-7.392446102265472518e+01 4.065442980610050228e+01
-7.392415441578111768e+01 4.065637845637474612e+01
-7.392462948655580135e+01 4.065707868631392330e+01
-7.392469307553390934e+01 4.065916153127994193e+01
-7.392479255184086639e+01 4.066099534481184463e+01
-7.392455815542923858e+01 4.066226875183021860e+01
-7.392487283891372840e+01 4.066357965069411762e+01
-7.392055669539197993e+01 4.064676312040772643e+01
-7.392098105402887143e+01 4.064813360919941232e+01
-7.392071467862575673e+01 4.064957120505387422e+01
-7.392098105402887143e+01 4.065125442146530332e+01
-7.392076389879404985e+01 4.065272788251184011e+01
-7.392128911726697993e+01 4.065450815322039801e+01
-7.392058497891872548e+01 4.065615576243695273e+01
-7.392105418668239736e+01 4.065749481865283599e+01
-7.392085087389170894e+01 4.065901389662717236e+01
-7.392072969719976072e+01 4.066080427005481113e+01
-7.392100602413331956e+01 4.066208474833123887e+01
-7.392125255094020986e+01 4.066370172100661762e+01
-7.391742547564041388e+01 4.064657320306646682e+01
-7.391742547564041388e+01 4.064813360919941232e+01
-7.391742547564041388e+01 4.064969401533235782e+01
-7.391757504250770694e+01 4.065132606327171771e+01
-7.391742547564041388e+01 4.065281482759824883e+01
-7.391739614857318941e+01 4.065442327620623786e+01
-7.391786114480262881e+01 4.065587156749066367e+01
-7.391724597153508114e+01 4.065754145747103365e+01
-7.391768492627861065e+01 4.065929711315610717e+01
-7.391741586637974137e+01 4.066010400801446423e+01
-7.391754351792179989e+01 4.066226424763718228e+01
-7.391782834865097129e+01 4.066369228096404953e+01
-7.391346312555810982e+01 4.064657238554445229e+01
-7.391437753699317170e+01 4.064818530836103605e+01
-7.391386989725195633e+01 4.064969401533235782e+01
-7.391397382802051652e+01 4.065112197696799967e+01
-7.391386989725195633e+01 4.065281482759824883e+01
-7.391366302081010531e+01 4.065450055494149240e+01
-7.391400888669552671e+01 4.065596584420799786e+01
-7.391403944200870058e+01 4.065702356632643699e+01
-7.391386989725195633e+01 4.065905645213003083e+01
-7.391381645991914695e+01 4.066019038825415777e+01
-7.391408730868685950e+01 4.066191711018601040e+01
-7.391386989725195633e+01 4.066373767052886734e+01
-7.390975463257629485e+01 4.064656693600588966e+01
-7.391056752116413975e+01 4.064804628607428327e+01
-7.391031431886351299e+01 4.064969401533235782e+01
-7.391060531006652923e+01 4.065142143070335123e+01
-7.391031431886351299e+01 4.065281482759824883e+01
-7.391012537435160823e+01 4.065419612965344243e+01
-7.391007934494118103e+01 4.065577115830815558e+01
-7.391070121460357711e+01 4.065754856441675003e+01
-7.391054046021301360e+01 4.065909136693415604e+01
-7.391071886963207760e+01 4.066071757941627141e+01
-7.391031431886351299e+01 4.066217726439592184e+01
-7.390970079074612897e+01 4.066349574106136799e+01
-7.390698502209299647e+01 4.064695031308107787e+01
-7.390675874047505545e+01 4.064813360919941232e+01
-7.390675874047505545e+01 4.064969401533235782e+01
-7.390675874047505545e+01 4.065125442146530332e+01
-7.390672984220260844e+01 4.065307298045592432e+01
-7.390696274114904440e+01 4.065445474745867926e+01
-7.390715536082682036e+01 4.065615173989878883e+01
-7.390645096447580897e+01 4.065781906792041411e+01
-7.390675874047505545e+01 4.065905645213003083e+01
-7.390681336071602914e+01 4.066093205584047610e+01
-7.390681256352470996e+01 4.066268295043777670e+01
-7.390675874047505545e+01 4.066373767052886734e+01
-7.390833223098741200e+01 4.065559080043713891e+01
-7.392198737340666526e+01 4.065461232568001293e+01
-7.391363149017395529e+01 4.065528814449172756e+01
-7.390925624892641110e+01 4.066188260184082282e+01
-7.392631747798122888e+01 4.066215976192285808e+01
-7.392592376114794206e+01 4.064933627822401263e+01
-7.392549829909870596e+01 4.065768374254916040e+01
-7.392041784963754480e+01 4.066121672008927845e+01
-7.391601533698305104e+01 4.066039036330298728e+01
-7.391354410958301457e+01 4.064807343714645782e+01
