245
175
10
-73.930686 40.663602 1
-73.929841 40.663944 2
-73.924595 40.663848 3
-73.921954 40.66274 4
-73.921056 40.663287 5
-73.920984 40.663944 6
-73.920086 40.664067 7
-73.919636 40.662548 8
-73.918738 40.662699 9
-73.917786 40.662835 10
-73.916834 40.662986 11
-73.915899 40.663109 12
-73.914911 40.663246 13
-73.914013 40.663396 14
-73.913061 40.663519 15
-73.912127 40.663684 16
-73.911174 40.663807 17
-73.910258 40.663944 18
-73.909324 40.66408 19
-73.929015 40.66092 20
-73.928278 40.661412 21
-73.927541 40.661878 22
-73.926841 40.66237 23
-73.92614 40.662808 24
-73.925457 40.663283 25
-73.930111 40.658372 26
-73.92914 40.658413 27
-73.928188 40.658481 28
-73.9272 40.658549 29
-73.92641 40.658604 30
-73.928206 40.660191 31
-73.927218 40.659302 32
-73.926481 40.659822 33
-73.925763 40.660287 34
-73.925044 40.660739 35
-73.924361 40.661204 36
-73.923607 40.661683 37
-73.922745 40.662244 38
-73.929913 40.656661 39
-73.928997 40.656757 40
-73.927991 40.656812 41
-73.92702 40.656866 42
-73.926104 40.656949 43
-73.92499 40.657058 44
-73.925439 40.657687 45
-73.924649 40.658207 46
-73.923948 40.658659 47
-73.92323 40.65911 48
-73.922493 40.659589 49
-73.92181 40.660055 50
-73.92093 40.660616 51
-73.920121 40.661122 52
-73.919223 40.661642 53
-73.918487 40.661122 54
-73.917355 40.661286 55
-73.916456 40.66145 56
-73.915486 40.661601 57
-73.914534 40.661696 58
-73.913618 40.661847 59
-73.912666 40.662011 60
-73.911731 40.662148 61
-73.910779 40.662285 62
-73.909863 40.662422 63
-73.908947 40.662586 64
-73.929805 40.655402 65
-73.928835 40.655457 66
-73.927847 40.655512 67
-73.926913 40.655594 68
-73.92596 40.655635 69
-73.925026 40.655703 70
-73.924038 40.655813 71
-73.923984 40.656401 72
-73.923571 40.656059 73
-73.92314 40.655649 74
-73.922834 40.656579 75
-73.922134 40.657031 76
-73.921433 40.65751 77
-73.920714 40.657934 78
-73.919942 40.658399 79
-73.919097 40.65896 80
-73.918307 40.659521 81
-73.920445 40.65885 82
-73.920086 40.659849 83
-73.917193 40.659863 84
-73.916043 40.659904 85
-73.915073 40.660068 86
-73.914157 40.660205 87
-73.913205 40.660328 88
-73.912288 40.660479 89
-73.911336 40.660616 90
-73.910384 40.660752 91
-73.909504 40.660889 92
-73.908533 40.661026 93
-73.907581 40.661149 94
-73.929612 40.653856 95
-73.92866 40.653925 96
-73.927708 40.653993 97
-73.926738 40.654034 98
-73.925767 40.654089 99
-73.924833 40.654171 100
-73.923845 40.654226 101
-73.922875 40.65428 102
-73.921959 40.654458 103
-73.921635 40.655567 104
-73.921348 40.656374 105
-73.92097 40.654937 106
-73.92027 40.655375 107
-73.919569 40.65584 108
-73.918832 40.656278 109
-73.918132 40.656757 110
-73.917233 40.657332 111
-73.916425 40.657879 112
-73.915527 40.658399 113
-73.914664 40.658508 114
-73.91373 40.658659 115
-73.912796 40.658782 116
-73.91188 40.658933 117
-73.910927 40.659069 118
-73.909975 40.65922 119
-73.909095 40.65937 120
-73.908125 40.659494 121
-73.90719 40.659644 122
-73.929379 40.65194 123
-73.92848 40.652187 124
-73.92751 40.652337 125
-73.926522 40.652392 126
-73.925606 40.652447 127
-73.924635 40.652491 128
-73.923665 40.652556 129
-73.922731 40.652474 130
-73.921779 40.652501 131
-73.920755 40.65257 132
-73.920863 40.653637 133
-73.919964 40.652789 134
-73.919174 40.653309 135
-73.918455 40.653774 136
-73.920395 40.65439 137
-73.919102 40.654376 138
-73.917772 40.654253 139
-73.917036 40.654691 140
-73.916605 40.654294 141
-73.916335 40.655156 142
-73.915437 40.655717 143
-73.914664 40.656223 144
-73.914539 40.657482 145
-73.913964 40.657003 146
-73.913263 40.656388 147
-73.913317 40.657113 148
-73.912419 40.65725 149
-73.911502 40.657414 150
-73.910532 40.657551 151
-73.909598 40.657687 152
-73.908664 40.657824 153
-73.907729 40.657947 154
-73.907316 40.656292 155
-73.90825 40.656141 156
-73.909149 40.656032 157
-73.910119 40.655868 158
-73.911071 40.655758 159
-73.912005 40.655621 160
-73.915329 40.654226 161
-73.913856 40.654185 162
-73.912311 40.65413 163
-73.910784 40.654185 164
-73.909742 40.654335 165
-73.908753 40.654486 166
-73.907855 40.654609 167
-73.906903 40.654746 168
-73.90658 40.653364 169
-73.907388 40.652844 170
-73.908412 40.6522 171
-73.910137 40.653504 172
-73.909382 40.652871 173
-73.911017 40.652953 174
-73.911808 40.652433 175
-73.912688 40.651858 176
-73.914485 40.653487 177
-73.915203 40.653035 178
-73.915922 40.652556 179
-73.916659 40.652118 180
-73.917341 40.651653 181
-73.918132 40.65116 182
-73.918904 40.650681 183
-73.919641 40.650189 184
-73.920467 40.649683 185
-73.920378 40.648615 186
-73.920198 40.647041 187
-73.919228 40.64763 188
-73.918491 40.648109 189
-73.917808 40.648574 190
-73.917072 40.649053 191
-73.916317 40.649522 192
-73.915563 40.650038 193
-73.914826 40.65049 194
-73.914125 40.650941 195
-73.913407 40.651434 196
-73.909454 40.651516 197
-73.910245 40.65101 198
-73.911089 40.650449 199
-73.911808 40.649997 200
-73.912526 40.649518 201
-73.913263 40.64908 202
-73.913964 40.648588 203
-73.914718 40.648095 204
-73.915491 40.647602 205
-73.916227 40.647151 206
-73.916928 40.646686 207
-73.918635 40.647096 208
-73.912706 40.646644 209
-73.911754 40.647247 210
-73.910658 40.647876 211
-73.910011 40.648369 212
-73.909292 40.648807 213
-73.908412 40.649381 214
-73.907604 40.649901 215
-73.908196 40.646713 216
-73.907478 40.647178 217
-73.90658 40.647726 218
-73.929199 40.650161 219
-73.928283 40.650244 220
-73.927312 40.650285 221
-73.926324 40.650367 222
-73.92539 40.650435 223
-73.924402 40.650476 224
-73.923432 40.650558 225
-73.922515 40.650586 226
-73.921581 40.650654 227
-73.920593 40.650709 228
-73.921402 40.648725 229
-73.9223 40.648684 230
-73.923234 40.648615 231
-73.924186 40.64856 232
-73.92521 40.648478 233
-73.926127 40.648437 234
-73.927133 40.648369 235
-73.928067 40.6483 236
-73.928983 40.648232 237
-73.928804 40.646371 238
-73.927887 40.646439 239
-73.926899 40.646494 240
-73.925893 40.646549 241
-73.924995 40.646631 242
-73.924007 40.646672 243
-73.923036 40.646744 244
-73.921186 40.646853 245
-73.92979156656901 40.64612040226237 246
-73.92937439208984 40.64724504718268 247
-73.92950790649414 40.64914104919935 248
-73.92987 40.650474218398834 249
-73.92979919596354 40.651897385423354 250
-73.92987 40.653595030664725 251
-73.92987 40.65515543679767 252
-73.92987 40.65671584293061 253
-73.92987 40.658276249063555 254
-73.92987 40.6598366551965 255
-73.92951935058593 40.66128019570379 256
-73.92987 40.66295746746239 257
-73.92987 40.66451787359534 258
-73.9265780787257 40.64583541906738 259
-73.92631442161154 40.64735340613294 260
-73.92645234138354 40.64871706950204 261
-73.92691279585453 40.65037976170091 262
-73.9263489683636 40.651966620643215 263
-73.92624889086271 40.6539192399579 264
-73.92607404154887 40.65550313325797 265
-73.92648540209318 40.65649301901398 266
-73.92642710695857 40.65827567589421 267
-73.92587742959212 40.659387506379296 268
-73.92574535082365 40.66123996892947 269
-73.92626423066591 40.66294510897409 270
-73.92631442161154 40.66451787359534 271
-73.9227588432231 40.645793 272
-73.9227588432231 40.64735340613294 273
-73.92264146251476 40.64869295349372 274
-73.92262972678732 40.650340868965046 275
-73.92294546394213 40.65246770516285 276
-73.92268313254905 40.653308898389 277
-73.9227588432231 40.65515543679767 278
-73.92268806014853 40.65659875330292 279
-73.92281811294286 40.657868918144885 280
-73.9221974477484 40.65984846940167 281
-73.92322863425804 40.661505262842454 282
-73.92279581026234 40.662938974843954 283
-73.9227588432231 40.66451787359534 284
-73.91933023515396 40.64582038897705 285
-73.91920326483464 40.64735340613294 286
-73.91880725985872 40.649015164189585 287
-73.91888125185243 40.650471895227994 288
-73.91936802035677 40.652246407724874 289
-73.91950534945833 40.65326312202181 290
-73.9193570103888 40.655301717242345 291
-73.91900840842794 40.656687568574526 292
-73.91948429559359 40.65845623823145 293
-73.91916308847524 40.65978906911568 294
-73.91936686723245 40.66143500550465 295
-73.91944973572694 40.66283434314753 296
-73.91920326483464 40.66451787359534 297
-73.91564768644619 40.645793 298
-73.91564768644619 40.64735340613294 299
-73.91593465254927 40.649198269658335 300
-73.91564768644619 40.650474218398834 301
-73.9153204862895 40.65189164087917 302
-73.91561803267622 40.65382578986849 303
-73.9157092795924 40.65513184872813 304
-73.91493450617203 40.65642364370296 305
-73.91581442967463 40.65815300562192 306
-73.91535100386763 40.65987247493712 307
-73.91540983555595 40.661487072062904 308
-73.91567906783247 40.66275848836987 309
-73.91564768644619 40.66451787359534 310
-73.91254756314724 40.646054992858886 311
-73.91198248591364 40.647431967348695 312
-73.91213507380425 40.649068569951304 313
-73.91209210805773 40.650474218398834 314
-73.91205877985894 40.652193001963155 315
-73.9118678261409 40.654003842342924 316
-73.91254384892379 40.65497749119185 317
-73.91213159379919 40.65713643128611 318
-73.91213939053982 40.65842358497097 319
-73.91241896765986 40.659810664036854 320
-73.91161741801767 40.661310715673935 321
-73.91228926795283 40.66336990655322 322
-73.91209210805773 40.66451787359534 323
-73.90853652966928 40.645793 324
-73.90887629195356 40.64748867199874 325
-73.90853652966928 40.64891381226589 326
-73.90853652966928 40.650474218398834 327
-73.90853652966928 40.65203462453178 328
-73.90907936102604 40.653644591748375 329
-73.90830917362673 40.65489841057318 330
-73.90852157595339 40.65619210657441 331
-73.90788941818016 40.658303406120474 332
-73.90827859243826 40.659677257582295 333
-73.90869221688118 40.6616597822297 334
-73.90883242018953 40.66264248481511 335
-73.90853652966928 40.66451787359534 336
-73.92809221080577 40.64657320306647 337
-73.92779261844566 40.64810859279629 338
-73.92809221080577 40.64969401533236 339
-73.927756890315 40.65116966068382 340
-73.92822991277593 40.652531605083304 341
-73.92781811190555 40.65450147750018 342
-73.92832158979985 40.65616428677438 343
-73.92781435935305 40.65729436459977 344
-73.92747993755943 40.65901164664407 345
-73.92830490456349 40.66056422858619 346
-73.92781143379612 40.662002053493 347
-73.92809221080577 40.66373767052887 348
-73.92453663241731 40.64657320306647 349
-73.924144231736 40.64834468240732 350
-73.9244761103981 40.649828697119304 351
-73.92429317597504 40.65074213544286 352
-73.9244989985817 40.65268037827666 353
-73.92446102265473 40.6544298061005 354
-73.92415441578112 40.656378456374746 355
-73.9246294865558 40.65707868631392 356
-73.92469307553391 40.65916153127994 357
-73.92479255184087 40.660995344811845 358
-73.92455815542924 40.66226875183022 359
-73.92487283891373 40.66357965069412 360
-73.92055669539198 40.646763120407726 361
-73.92098105402887 40.64813360919941 362
-73.92071467862576 40.649571205053874 363
-73.92098105402887 40.6512544214653 364
-73.92076389879405 40.65272788251184 365
-73.92128911726698 40.6545081532204 366
-73.92058497891873 40.65615576243695 367
-73.9210541866824 40.657494818652836 368
-73.92085087389171 40.65901389662717 369
-73.92072969719976 40.66080427005481 370
-73.92100602413332 40.66208474833124 371
-73.92125255094021 40.66370172100662 372
-73.91742547564041 40.64657320306647 373
-73.91742547564041 40.64813360919941 374
-73.91742547564041 40.64969401533236 375
-73.9175750425077 40.65132606327172 376
-73.91742547564041 40.65281482759825 377
-73.91739614857319 40.65442327620624 378
-73.91786114480263 40.655871567490664 379
-73.91724597153508 40.657541457471034 380
-73.91768492627861 40.65929711315611 381
-73.91741586637974 40.660104008014464 382
-73.9175435179218 40.66226424763718 383
-73.91782834865097 40.66369228096405 384
-73.91346312555811 40.64657238554445 385
-73.91437753699317 40.648185308361036 386
-73.91386989725196 40.64969401533236 387
-73.91397382802052 40.651121976968 388
-73.91386989725196 40.65281482759825 389
-73.9136630208101 40.65450055494149 390
-73.91400888669553 40.655965844208 391
-73.9140394420087 40.65702356632644 392
-73.91386989725196 40.65905645213003 393
-73.91381645991915 40.66019038825416 394
-73.91408730868686 40.66191711018601 395
-73.91386989725196 40.66373767052887 396
-73.9097546325763 40.64656693600589 397
-73.91056752116414 40.64804628607428 398
-73.91031431886351 40.64969401533236 399
-73.91060531006653 40.65142143070335 400
-73.91031431886351 40.65281482759825 401
-73.91012537435161 40.65419612965344 402
-73.91007934494118 40.655771158308156 403
-73.91070121460358 40.65754856441675 404
-73.91054046021301 40.659091366934156 405
-73.91071886963208 40.66071757941627 406
-73.91031431886351 40.66217726439592 407
-73.90970079074613 40.66349574106137 408
-73.906985022093 40.64695031308108 409
-73.90675874047506 40.64813360919941 410
-73.90675874047506 40.64969401533236 411
-73.90675874047506 40.6512544214653 412
-73.90672984220261 40.653072980455924 413
-73.90696274114904 40.65445474745868 414
-73.90715536082682 40.65615173989879 415
-73.90645096447581 40.657819067920414 416
-73.90675874047506 40.65905645213003 417
-73.90681336071603 40.660932055840476 418
-73.90681256352471 40.66268295043778 419
-73.90675874047506 40.66373767052887 420
-73.9260388244652 40.66080266112525 421
-73.90874180471192 40.661966503741525 422
-73.91853948963335 40.65733628285728 423
-73.91350924299162 40.6551931613115 424
-73.90831531756191 40.65575966876195 425
-73.91220842305357 40.64813828170464 426
-73.92501217237644 40.656437464574715 427
-73.91357936302644 40.661348890111114 428
-73.92446671244579 40.6496081458867 429
-73.92046824389142 40.66163025133813 430
