0   4   4   7   6   14  17  21  27  34  7   9   4   5   6   11  12  20  23  31  9   5   5   5   10  12  17  23  26  30  11  9   8   6   14  18  21  29  31  37  15  10  10  8   14  18  23  25  32  34  18  18  12  9   12  21  26  27  32  33  18  19  16  18  19  21  28  31  32  33  19  20  18  24  27  27  31  34  36  38  23  21  21  23  27  30  32  32  38  39  24  25  22  27  28  33  35  39  43  40 
4   0   0   3   2   10  13  17  23  30  9   5   0   1   2   7   8   16  19  27  5   1   1   1   6   8   13  19  22  26  7   5   4   2   10  14  17  25  27  33  11  6   6   4   10  14  19  21  28  30  14  14  8   5   8   17  22  23  28  29  14  15  12  14  15  17  24  27  28  29  15  16  14  20  23  23  27  30  32  34  19  17  17  19  23  26  28  28  34  35  20  21  18  23  24  29  31  35  39  36 
4   0   0   3   2   10  13  17  23  30  9   5   0   1   2   7   8   16  19  27  5   1   1   1   6   8   13  19  22  26  7   5   4   2   10  14  17  25  27  33  11  6   6   4   10  14  19  21  28  30  14  14  8   5   8   17  22  23  28  29  14  15  12  14  15  17  24  27  28  29  15  16  14  20  23  23  27  30  32  34  19  17  17  19  23  26  28  28  34  35  20  21  18  23  24  29  31  35  39  36 
7   3   3   0   1   9   12  16  22  29  12  8   3   2   1   6   7   15  18  26  8   4   4   2   5   7   12  18  21  25  10  8   7   3   11  15  16  24  26  32  14  7   7   5   11  15  20  22  27  29  15  15  9   6   9   18  23  24  27  28  15  16  13  15  16  18  25  28  27  28  16  17  15  21  24  24  28  31  33  33  20  18  18  20  24  27  29  29  35  36  21  22  19  24  25  30  32  36  40  37 
6   2   2   1   0   8   11  15  21  28  11  7   2   1   0   5   6   14  17  25  7   3   3   1   4   6   11  17  20  24  9   7   6   2   10  14  15  23  25  31  13  6   6   4   10  14  19  21  26  28  14  14  8   5   8   17  22  23  26  27  14  15  12  14  15  17  24  27  26  27  15  16  14  20  23  23  27  30  32  32  19  17  17  19  23  26  28  28  34  35  20  21  18  23  24  29  31  35  39  36 
14  10  10  9   8   0   3   9   15  22  19  15  10  9   8   9   10  10  13  21  15  11  11  9   12  10  15  15  16  20  17  15  14  10  18  19  19  21  23  27  21  14  14  12  18  19  24  26  24  26  22  22  16  13  16  23  28  28  24  25  22  23  20  22  23  23  30  32  24  25  23  24  22  28  31  29  33  34  32  30  27  25  25  27  31  32  34  34  34  33  28  29  26  31  32  37  37  41  37  34 
17  13  13  12  11  3   0   6   12  19  22  18  13  12  11  9   8   7   10  18  18  14  14  12  15  10  15  12  13  17  20  18  17  13  21  19  19  18  20  24  24  17  17  15  21  19  24  23  21  23  25  25  19  16  19  23  28  25  21  22  25  26  23  25  26  23  30  29  21  22  26  27  25  31  34  29  33  31  29  27  30  28  28  30  34  32  34  34  31  30  31  32  29  34  35  37  37  40  34  31 
21  17  17  16  15  9   6   0   6   13  26  22  17  16  15  10  9   1   4   12  22  18  18  16  16  11  12  6   7   11  24  22  21  17  24  20  16  12  14  18  28  21  21  19  24  20  19  17  15  17  29  29  23  20  23  24  26  19  15  16  29  30  27  29  27  24  26  23  15  16  30  31  29  35  35  30  31  25  23  21  34  32  32  34  38  33  30  30  25  24  35  36  33  38  39  38  33  34  28  25 
27  23  23  22  21  15  12  6   0   7   32  28  23  22  21  16  15  7   9   14  28  24  24  22  22  17  18  12  12  16  30  28  27  23  30  26  22  18  20  23  34  27  27  25  30  26  25  23  21  23  35  35  29  26  29  30  32  25  21  22  35  36  33  35  33  30  32  29  21  22  36  37  35  41  41  36  37  31  29  27  40  38  38  40  44  39  36  36  31  30  41  42  39  44  45  44  39  40  34  31 
34  30  30  29  28  22  19  13  7   0   39  35  30  29  28  23  22  14  15  7   35  31  31  29  29  24  22  16  13  9   37  35  34  30  37  33  26  22  21  16  41  34  34  32  37  33  29  27  22  24  42  42  36  33  36  37  34  27  22  23  42  43  40  42  40  37  34  31  22  23  43  44  42  48  48  42  38  32  30  28  47  45  45  47  47  42  37  37  32  31  48  49  46  51  50  47  40  41  35  32 
7   9   9   12  11  19  22  26  32  39  0   4   9   10  11  16  17  25  28  36  4   8   8   10  15  17  22  28  31  35  6   10  11  11  19  23  26  34  36  42  10  15  15  13  19  23  28  30  37  39  18  18  17  14  17  26  31  32  37  38  18  19  21  23  24  26  33  36  37  38  19  20  23  29  32  32  36  39  41  43  23  26  26  28  32  35  37  37  43  44  24  30  27  32  33  38  40  44  48  45 
9   5   5   8   7   15  18  22  28  35  4   0   5   6   7   12  13  21  24  32  8   4   4   6   11  13  18  24  27  31  10  8   7   7   15  19  22  30  32  38  14  11  11  9   15  19  24  26  33  35  19  19  13  10  13  22  27  28  33  34  19  20  17  19  20  22  29  32  33  34  20  21  19  25  28  28  32  35  37  39  24  22  22  24  28  31  33  33  39  40  25  26  23  28  29  34  36  40  44  41 
4   0   0   3   2   10  13  17  23  30  9   5   0   1   2   7   8   16  19  27  5   1   1   1   6   8   13  19  22  26  7   5   4   2   10  14  17  25  27  33  11  6   6   4   10  14  19  21  28  30  14  14  8   5   8   17  22  23  28  29  14  15  12  14  15  17  24  27  28  29  15  16  14  20  23  23  27  30  32  34  19  17  17  19  23  26  28  28  34  35  20  21  18  23  24  29  31  35  39  36 
5   1   1   2   1   9   12  16  22  29  10  6   1   0   1   6   7   15  18  26  6   2   2   0   5   7   12  18  21  25  8   6   5   1   9   13  16  24  26  32  12  5   5   3   9   13  18  20  27  29  13  13  7   4   7   16  21  22  27  28  13  14  11  13  14  16  23  26  27  28  14  15  13  19  22  22  26  29  31  33  18  16  16  18  22  25  27  27  33  34  19  20  17  22  23  28  30  34  38  35 
6   2   2   1   0   8   11  15  21  28  11  7   2   1   0   5   6   14  17  25  7   3   3   1   4   6   11  17  20  24  9   7   6   2   10  14  15  23  25  31  13  6   6   4   10  14  19  21  26  28  14  14  8   5   8   17  22  23  26  27  14  15  12  14  15  17  24  27  26  27  15  16  14  20  23  23  27  30  32  32  19  17  17  19  23  26  28  28  34  35  20  21  18  23  24  29  31  35  39  36 
11  7   7   6   5   9   9   10  16  23  16  12  7   6   5   0   1   9   12  20  12  8   8   6   6   1   6   12  15  19  14  12  11  7   14  10  10  18  20  26  18  11  11  9   14  10  15  17  21  23  19  19  13  10  13  14  19  19  21  22  19  20  17  19  17  14  21  23  21  22  20  21  19  25  25  20  24  26  28  27  24  22  22  24  28  23  25  25  31  30  25  26  23  28  29  28  28  32  34  31 
12  8   8   7   6   10  8   9   15  22  17  13  8   7   6   1   0   8   11  19  13  9   9   7   7   2   7   13  14  18  15  13  12  8   15  11  11  19  21  25  19  12  12  10  15  11  16  18  22  24  20  20  14  11  14  15  20  20  22  23  20  21  18  20  18  15  22  24  22  23  21  22  20  26  26  21  25  27  29  28  25  23  23  25  29  24  26  26  32  31  26  27  24  29  30  29  29  33  35  32 
20  16  16  15  14  10  7   1   7   14  25  21  16  15  14  9   8   0   3   11  21  17  17  15  15  10  11  5   6   10  23  21  20  16  23  19  15  11  13  17  27  20  20  18  23  19  18  16  14  16  28  28  22  19  22  23  25  18  14  15  28  29  26  28  26  23  25  22  14  15  29  30  28  34  34  29  30  24  22  20  33  31  31  33  37  32  29  29  24  23  34  35  32  37  38  37  32  33  27  24 
23  19  19  18  17  13  10  4   9   15  28  24  19  18  17  12  11  3   0   8   24  20  20  18  18  13  12  6   3   7   26  24  23  19  26  22  16  12  11  14  30  23  23  21  26  22  19  17  12  14  31  31  25  22  25  26  24  17  12  13  31  32  29  31  29  26  24  21  12  13  32  33  31  37  37  32  28  22  20  18  36  34  34  36  37  32  27  27  22  21  37  38  35  40  40  37  30  31  25  22 
31  27  27  26  25  21  18  12  14  7   36  32  27  26  25  20  19  11  8   0   32  28  28  26  25  20  15  9   6   2   34  32  31  27  32  26  19  15  14  9   38  31  31  29  30  26  22  20  15  17  39  39  33  30  33  30  27  20  15  16  39  40  37  39  33  30  27  24  15  16  40  41  39  45  41  35  31  25  23  21  44  42  42  44  40  35  30  30  25  24  45  46  43  44  43  40  33  34  28  25 
9   5   5   8   7   15  18  22  28  35  4   8   5   6   7   12  13  21  24  32  0   4   4   6   11  13  18  24  27  31  2   6   7   7   15  19  22  30  32  38  6   11  11  9   15  19  24  26  33  35  14  14  13  10  13  22  27  28  33  34  14  15  17  19  20  22  29  32  33  34  15  16  19  25  28  28  32  35  37  39  19  22  22  24  28  31  33  33  39  40  20  26  23  28  29  34  36  40  44  41 
5   1   1   4   3   11  14  18  24  31  8   4   1   2   3   8   9   17  20  28  4   0   0   2   7   9   14  20  23  27  6   4   3   3   11  15  18  26  28  34  10  7   7   5   11  15  20  22  29  31  15  15  9   6   9   18  23  24  29  30  15  16  13  15  16  18  25  28  29  30  16  17  15  21  24  24  28  31  33  35  20  18  18  20  24  27  29  29  35  36  21  22  19  24  25  30  32  36  40  37 
5   1   1   4   3   11  14  18  24  31  8   4   1   2   3   8   9   17  20  28  4   0   0   2   7   9   14  20  23  27  6   4   3   3   11  15  18  26  28  34  10  7   7   5   11  15  20  22  29  31  15  15  9   6   9   18  23  24  29  30  15  16  13  15  16  18  25  28  29  30  16  17  15  21  24  24  28  31  33  35  20  18  18  20  24  27  29  29  35  36  21  22  19  24  25  30  32  36  40  37 
5   1   1   2   1   9   12  16  22  29  10  6   1   0   1   6   7   15  18  26  6   2   2   0   5   7   12  18  21  25  8   6   5   1   9   13  16  24  26  32  12  5   5   3   9   13  18  20  27  29  13  13  7   4   7   16  21  22  27  28  13  14  11  13  14  16  23  26  27  28  14  15  13  19  22  22  26  29  31  33  18  16  16  18  22  25  27  27  33  34  19  20  17  22  23  28  30  34  38  35 
10  6   6   5   4   12  15  16  22  29  15  11  6   5   4   6   7   15  18  25  11  7   7   5   0   5   10  16  19  23  13  11  10  6   8   14  14  22  24  30  17  10  10  8   13  14  19  21  25  27  18  18  12  9   12  18  23  23  25  26  18  19  16  18  19  18  25  27  25  26  19  20  18  24  27  24  28  30  32  31  23  21  21  23  27  27  29  29  35  34  24  25  22  27  28  32  32  36  38  35 
12  8   8   7   6   10  10  11  17  24  17  13  8   7   6   1   2   10  13  20  13  9   9   7   5   0   5   11  14  18  15  13  12  8   13  9   9   17  19  25  19  12  12  10  13  9   14  16  20  22  20  20  14  11  14  13  18  18  20  21  20  21  18  20  16  13  20  22  20  21  21  22  20  26  24  19  23  25  27  26  25  23  23  25  27  22  24  24  30  29  26  27  24  29  30  27  27  31  33  30 
17  13  13  12  11  15  15  12  18  22  22  18  13  12  11  6   7   11  12  15  18  14  14  12  10  5   0   6   9   13  20  18  17  13  17  11  4   12  14  20  24  17  17  15  15  11  9   11  15  17  25  25  19  16  19  15  18  13  15  16  25  26  23  25  18  15  20  17  15  16  26  27  25  30  26  21  25  20  22  21  30  28  28  30  29  24  25  25  25  24  31  32  29  33  32  29  28  32  28  25 
23  19  19  18  17  15  12  6   12  16  28  24  19  18  17  12  13  5   6   9   24  20  20  18  16  11  6   0   3   7   26  24  23  19  23  17  10  6   8   14  30  23  23  21  21  17  13  11  9   11  31  31  25  22  25  21  20  13  9   10  31  32  29  31  24  21  20  17  9   10  32  33  31  36  32  27  25  19  17  15  36  34  34  36  34  29  24  24  19  18  37  38  35  38  37  34  27  28  22  19 
26  22  22  21  20  16  13  7   12  13  31  27  22  21  20  15  14  6   3   6   27  23  23  21  19  14  9   3   0   4   29  27  26  22  26  20  13  9   8   11  33  26  26  24  24  20  16  14  9   11  34  34  28  25  28  24  21  14  9   10  34  35  32  34  27  24  21  18  9   10  35  36  34  39  35  29  25  19  17  15  39  37  37  38  34  29  24  24  19  18  40  41  38  38  37  34  27  28  22  19 
30  26  26  25  24  20  17  11  16  9   35  31  26  25  24  19  18  10  7   2   31  27  27  25  23  18  13  7   4   0   33  31  30  26  30  24  17  13  12  7   37  30  30  28  28  24  20  18  13  15  38  38  32  29  32  28  25  18  13  14  38  39  36  38  31  28  25  22  13  14  39  40  38  43  39  33  29  23  21  19  43  41  41  42  38  33  28  28  23  22  44  45  42  42  41  38  31  32  26  23 
11  7   7   10  9   17  20  24  30  37  6   10  7   8   9   14  15  23  26  34  2   6   6   8   13  15  20  26  29  33  0   4   9   9   17  21  24  32  34  40  4   11  11  11  17  21  26  28  35  37  12  12  15  12  15  24  29  30  35  36  12  13  16  21  22  24  31  34  35  36  13  14  18  24  28  30  34  37  39  41  17  20  20  22  26  31  35  35  41  42  18  24  21  26  27  32  38  42  46  43 
9   5   5   8   7   15  18  22  28  35  10  8   5   6   7   12  13  21  24  32  6   4   4   6   11  13  18  24  27  31  4   0   5   7   15  19  22  30  32  38  8   7   7   9   15  19  24  26  33  35  15  15  13  10  13  22  27  28  33  34  15  16  17  19  20  22  29  32  33  34  16  17  19  25  28  28  32  35  37  39  20  22  22  24  28  31  33  33  39  40  21  26  23  28  29  34  36  40  44  41 
8   4   4   7   6   14  17  21  27  34  11  7   4   5   6   11  12  20  23  31  7   3   3   5   10  12  17  23  26  30  9   5   0   4   12  16  21  28  30  36  12  5   5   6   12  16  21  23  30  32  13  13  10  7   10  19  24  25  30  31  13  14  14  16  17  19  26  29  30  31  14  15  16  22  25  25  29  32  34  36  18  19  19  21  25  28  30  30  36  37  19  23  20  25  26  31  33  37  41  38 
6   2   2   3   2   10  13  17  23  30  11  7   2   1   2   7   8   16  19  27  7   3   3   1   6   8   13  19  22  26  9   7   4   0   8   12  17  24  26  32  11  4   4   2   8   12  17  19  26  28  12  12  6   3   6   15  20  21  26  27  12  13  10  12  13  15  22  25  26  27  13  14  12  18  21  21  25  28  30  32  17  15  15  17  21  24  26  26  32  33  18  19  16  21  22  27  29  33  37  34 
14  10  10  11  10  18  21  24  30  37  19  15  10  9   10  14  15  23  26  32  15  11  11  9   8   13  17  23  26  30  17  15  12  8   0   6   13  18  20  26  19  12  12  10  5   6   11  13  20  22  20  20  14  11  11  10  15  15  20  21  20  21  18  20  13  10  17  19  20  21  21  22  20  25  21  16  20  22  24  26  25  23  23  25  24  19  21  21  27  28  26  27  24  28  27  24  24  28  32  29 
18  14  14  15  14  19  19  20  26  33  23  19  14  13  14  10  11  19  22  26  19  15  15  13  14  9   11  17  20  24  21  19  16  12  6   0   7   12  14  20  19  12  12  10  4   0   5   7   14  16  20  20  14  11  10  4   9   9   14  15  20  21  18  16  7   4   11  13  14  15  21  22  20  19  15  10  14  16  18  20  25  23  23  22  18  13  15  15  21  22  26  27  24  22  21  18  18  22  26  23 
21  17  17  16  15  19  19  16  22  26  26  22  17  16  15  10  11  15  16  19  22  18  18  16  14  9   4   10  13  17  24  22  21  17  13  7   0   9   11  17  26  19  19  17  11  7   5   7   12  14  27  27  21  18  17  11  14  9   12  13  27  28  25  23  14  11  16  13  12  13  28  29  27  26  22  17  21  16  18  18  32  30  30  29  25  20  21  21  22  21  33  34  31  29  28  25  24  28  25  22 
29  25  25  24  23  21  18  12  18  22  34  30  25  24  23  18  19  11  12  15  30  26  26  24  22  17  12  6   9   13  32  30  28  24  18  12  9   0   2   8   31  24  24  22  16  12  7   5   3   5   32  32  26  23  22  16  14  7   3   4   32  33  30  28  19  16  14  11  3   4   33  34  32  31  27  22  19  13  11  9   37  34  34  32  28  23  18  18  13  12  38  38  35  32  31  28  21  22  16  13 
31  27  27  26  25  23  20  14  20  21  36  32  27  26  25  20  21  13  11  14  32  28  28  26  24  19  14  8   8   12  34  32  30  26  20  14  11  2   0   6   33  26  26  24  18  14  9   7   1   3   34  34  28  25  24  18  13  6   1   2   34  35  32  30  21  18  13  10  1   2   35  36  34  32  28  21  17  11  9   7   39  32  32  30  26  21  16  16  11  10  40  36  33  30  29  26  19  20  14  11 
37  33  33  32  31  27  24  18  23  16  42  38  33  32  31  26  25  17  14  9   38  34  34  32  30  25  20  14  11  7   40  38  36  32  26  20  17  8   6   0   39  32  32  30  24  20  15  13  7   8   40  40  34  31  30  24  19  12  7   8   40  41  38  36  27  24  19  16  7   8   41  42  40  38  34  27  23  17  15  13  45  38  38  36  32  27  22  22  17  16  46  42  39  36  35  32  25  26  20  17 
15  11  11  14  13  21  24  28  34  41  10  14  11  12  13  18  19  27  30  38  6   10  10  12  17  19  24  30  33  37  4   8   12  11  19  19  26  31  33  39  0   7   7   9   15  19  24  26  33  35  8   8   13  10  13  22  27  28  33  34  8   9   12  19  20  22  29  32  33  34  9   10  14  20  24  28  32  35  37  39  13  16  16  18  22  27  32  32  38  39  14  20  17  22  23  28  35  39  43  40 
10  6   6   7   6   14  17  21  27  34  15  11  6   5   6   11  12  20  23  31  11  7   7   5   10  12  17  23  26  30  11  7   5   4   12  12  19  24  26  32  7   0   0   2   8   12  17  19  26  28  8   8   6   3   6   15  20  21  26  27  8   9   10  12  13  15  22  25  26  27  9   10  12  18  21  21  25  28  30  32  13  15  15  17  21  24  26  26  32  33  14  19  16  21  22  27  29  33  37  34 
10  6   6   7   6   14  17  21  27  34  15  11  6   5   6   11  12  20  23  31  11  7   7   5   10  12  17  23  26  30  11  7   5   4   12  12  19  24  26  32  7   0   0   2   8   12  17  19  26  28  8   8   6   3   6   15  20  21  26  27  8   9   10  12  13  15  22  25  26  27  9   10  12  18  21  21  25  28  30  32  13  15  15  17  21  24  26  26  32  33  14  19  16  21  22  27  29  33  37  34 
8   4   4   5   4   12  15  19  25  32  13  9   4   3   4   9   10  18  21  29  9   5   5   3   8   10  15  21  24  28  11  9   6   2   10  10  17  22  24  30  9   2   2   0   6   10  15  17  24  26  10  10  4   1   4   13  18  19  24  25  10  11  8   10  11  13  20  23  24  25  11  12  10  16  19  19  23  26  28  30  15  13  13  15  19  22  24  24  30  31  16  17  14  19  20  25  27  31  35  32 
14  10  10  11  10  18  21  24  30  37  19  15  10  9   10  14  15  23  26  30  15  11  11  9   13  13  15  21  24  28  17  15  12  8   5   4   11  16  18  24  15  8   8   6   0   4   9   11  18  20  16  16  10  7   6   8   13  13  18  19  16  17  14  16  11  8   15  17  18  19  17  18  16  22  19  14  18  20  22  24  21  19  19  21  22  17  19  19  25  26  22  23  20  25  25  22  22  26  30  27 
18  14  14  15  14  19  19  20  26  33  23  19  14  13  14  10  11  19  22  26  19  15  15  13  14  9   11  17  20  24  21  19  16  12  6   0   7   12  14  20  19  12  12  10  4   0   5   7   14  16  20  20  14  11  10  4   9   9   14  15  20  21  18  16  7   4   11  13  14  15  21  22  20  19  15  10  14  16  18  20  25  23  23  22  18  13  15  15  21  22  26  27  24  22  21  18  18  22  26  23 
23  19  19  20  19  24  24  19  25  29  28  24  19  18  19  15  16  18  19  22  24  20  20  18  19  14  9   13  16  20  26  24  21  17  11  5   5   7   9   15  24  17  17  15  9   5   0   2   9   11  25  25  19  16  15  9   9   4   9   10  25  26  23  21  12  9   11  8   9   10  26  27  25  24  20  15  16  11  13  15  30  28  28  27  23  18  16  16  18  18  31  32  29  27  26  23  19  23  22  19 
25  21  21  22  21  26  23  17  23  27  30  26  21  20  21  17  18  16  17  20  26  22  22  20  21  16  11  11  14  18  28  26  23  19  13  7   7   5   7   13  26  19  19  17  11  7   2   0   7   9   27  27  21  18  17  11  9   2   7   8   27  28  25  23  14  11  9   6   7   8   28  29  27  26  22  17  14  9   11  13  32  30  30  28  24  19  14  14  16  16  33  34  31  28  27  24  17  21  20  17 
32  28  28  27  26  24  21  15  21  22  37  33  28  27  26  21  22  14  12  15  33  29  29  27  25  20  15  9   9   13  35  33  30  26  20  14  12  3   1   7   33  26  26  24  18  14  9   7   0   2   34  34  28  25  24  17  12  5   0   1   34  35  32  29  20  17  12  9   0   1   35  36  34  31  27  20  16  10  8   6   39  31  31  29  25  20  15  15  10  9   40  35  32  29  28  25  18  19  13  10 
34  30  30  29  28  26  23  17  23  24  39  35  30  29  28  23  24  16  14  17  35  31  31  29  27  22  17  11  11  15  37  35  32  28  22  16  14  5   3   8   35  28  28  26  20  16  11  9   2   0   36  36  30  27  26  19  14  7   2   1   36  37  34  31  22  19  14  11  2   1   37  37  34  31  27  20  16  10  8   6   40  31  31  29  25  20  15  15  10  9   41  35  32  29  28  25  18  19  13  10 
18  14  14  15  14  22  25  29  35  42  18  19  14  13  14  19  20  28  31  39  14  15  15  13  18  20  25  31  34  38  12  15  13  12  20  20  27  32  34  40  8   8   8   10  16  20  25  27  34  36  0   0   6   9   12  21  26  29  34  35  0   1   4   11  19  21  28  31  34  35  1   2   6   12  16  22  25  29  31  33  5   8   8   10  14  19  24  24  30  31  6   12  9   14  15  20  27  31  35  32 
18  14  14  15  14  22  25  29  35  42  18  19  14  13  14  19  20  28  31  39  14  15  15  13  18  20  25  31  34  38  12  15  13  12  20  20  27  32  34  40  8   8   8   10  16  20  25  27  34  36  0   0   6   9   12  21  26  29  34  35  0   1   4   11  19  21  28  31  34  35  1   2   6   12  16  22  25  29  31  33  5   8   8   10  14  19  24  24  30  31  6   12  9   14  15  20  27  31  35  32 
12  8   8   9   8   16  19  23  29  36  17  13  8   7   8   13  14  22  25  33  13  9   9   7   12  14  19  25  28  32  15  13  10  6   14  14  21  26  28  34  13  6   6   4   10  14  19  21  28  30  6   6   0   3   6   15  20  23  28  29  6   7   4   11  13  15  22  25  28  29  7   8   6   12  16  21  25  28  30  32  11  9   9   11  15  20  25  25  31  32  12  13  10  15  16  21  28  32  36  33 
9   5   5   6   5   13  16  20  26  33  14  10  5   4   5   10  11  19  22  30  10  6   6   4   9   11  16  22  25  29  12  10  7   3   11  11  18  23  25  31  10  3   3   1   7   11  16  18  25  27  9   9   3   0   3   12  17  20  25  26  9   10  7   9   10  12  19  22  25  26  10  11  9   15  18  18  22  25  27  29  14  12  12  14  18  21  23  23  29  30  15  16  13  18  19  24  26  30  34  31 
12  8   8   9   8   16  19  23  29  36  17  13  8   7   8   13  14  22  25  33  13  9   9   7   12  14  19  25  28  32  15  13  10  6   11  10  17  22  24  30  13  6   6   4   6   10  15  17  24  26  12  12  6   3   0   9   14  19  24  25  12  13  10  12  7   9   16  19  24  25  13  14  12  18  15  15  19  22  24  26  17  15  15  17  21  18  20  20  26  27  18  19  16  21  22  23  23  27  31  28 
21  17  17  18  17  23  23  24  30  37  26  22  17  16  17  14  15  23  26  30  22  18  18  16  18  13  15  21  24  28  24  22  19  15  10  4   11  16  18  24  22  15  15  13  8   4   9   11  17  19  21  21  15  12  9   0   5   12  17  18  21  22  19  12  3   0   7   10  17  18  22  23  21  15  11  6   10  13  15  17  26  20  20  18  14  9   11  11  17  18  27  24  21  18  17  14  14  18  22  19 
26  22  22  23  22  28  28  26  32  34  31  27  22  21  22  19  20  25  24  27  27  23  23  21  23  18  18  20  21  25  29  27  24  20  15  9   14  14  13  19  27  20  20  18  13  9   9   9   12  14  26  26  20  17  14  5   0   7   12  13  26  27  24  17  8   5   4   7   12  13  27  28  26  20  16  11  9   10  12  14  31  25  25  23  19  14  10  10  16  17  32  29  26  23  22  19  13  17  21  18 
27  23  23  24  23  28  25  19  25  27  32  28  23  22  23  19  20  18  17  20  28  24  24  22  23  18  13  13  14  18  30  28  25  21  15  9   9   7   6   12  28  21  21  19  13  9   4   2   5   7   29  29  23  20  19  12  7   0   5   6   29  30  27  24  15  12  7   4   5   6   30  31  29  27  23  16  12  7   9   11  34  28  28  26  22  17  12  12  14  14  35  32  29  26  25  22  15  19  18  15 
32  28  28  27  26  24  21  15  21  22  37  33  28  27  26  21  22  14  12  15  33  29  29  27  25  20  15  9   9   13  35  33  30  26  20  14  12  3   1   7   33  26  26  24  18  14  9   7   0   2   34  34  28  25  24  17  12  5   0   1   34  35  32  29  20  17  12  9   0   1   35  36  34  31  27  20  16  10  8   6   39  31  31  29  25  20  15  15  10  9   40  35  32  29  28  25  18  19  13  10 
33  29  29  28  27  25  22  16  22  23  38  34  29  28  27  22  23  15  13  16  34  30  30  28  26  21  16  10  10  14  36  34  31  27  21  15  13  4   2   8   34  27  27  25  19  15  10  8   1   1   35  35  29  26  25  18  13  6   1   0   35  36  33  30  21  18  13  10  1   0   36  36  33  30  26  19  15  9   7   5   39  30  30  28  24  19  14  14  9   8   40  34  31  28  27  24  17  18  12  9  
18  14  14  15  14  22  25  29  35  42  18  19  14  13  14  19  20  28  31  39  14  15  15  13  18  20  25  31  34  38  12  15  13  12  20  20  27  32  34  40  8   8   8   10  16  20  25  27  34  36  0   0   6   9   12  21  26  29  34  35  0   1   4   11  19  21  28  31  34  35  1   2   6   12  16  22  25  29  31  33  5   8   8   10  14  19  24  24  30  31  6   12  9   14  15  20  27  31  35  32 
19  15  15  16  15  23  26  30  36  43  19  20  15  14  15  20  21  29  32  40  15  16  16  14  19  21  26  32  35  39  13  16  14  13  21  21  28  33  35  41  9   9   9   11  17  21  26  28  35  37  1   1   7   10  13  22  27  30  35  36  1   0   3   10  19  22  29  32  35  36  2   3   5   11  15  22  25  29  31  33  6   8   8   10  14  19  24  24  30  31  7   12  9   14  15  20  27  31  35  32 
16  12  12  13  12  20  23  27  33  40  21  17  12  11  12  17  18  26  29  37  17  13  13  11  16  18  23  29  32  36  16  17  14  10  18  18  25  30  32  38  12  10  10  8   14  18  23  25  32  34  4   4   4   7   10  19  24  27  32  33  4   3   0   7   16  19  26  29  32  33  5   6   2   8   12  19  22  26  28  30  9   5   5   7   11  16  21  21  27  28  10  9   6   11  12  17  24  28  32  29 
18  14  14  15  14  22  25  29  35  42  23  19  14  13  14  19  20  28  31  39  19  15  15  13  18  20  25  31  34  38  21  19  16  12  20  16  23  28  30  36  19  12  12  10  16  16  21  23  29  31  11  11  11  9   12  12  17  24  29  30  11  10  7   0   9   12  19  22  29  30  12  13  9   7   11  18  22  25  27  29  16  12  12  13  17  21  23  23  29  30  17  16  13  18  19  24  26  30  34  31 
19  15  15  16  15  23  26  27  33  40  24  20  15  14  15  17  18  26  29  33  20  16  16  14  19  16  18  24  27  31  22  20  17  13  13  7   14  19  21  27  20  13  13  11  11  7   12  14  20  22  19  19  13  10  7   3   8   15  20  21  19  19  16  9   0   3   10  13  20  21  20  21  18  12  8   9   13  16  18  20  24  20  20  18  14  12  14  14  20  21  25  24  21  18  17  17  17  21  25  22 
21  17  17  18  17  23  23  24  30  37  26  22  17  16  17  14  15  23  26  30  22  18  18  16  18  13  15  21  24  28  24  22  19  15  10  4   11  16  18  24  22  15  15  13  8   4   9   11  17  19  21  21  15  12  9   0   5   12  17  18  21  22  19  12  3   0   7   10  17  18  22  23  21  15  11  6   10  13  15  17  26  20  20  18  14  9   11  11  17  18  27  24  21  18  17  14  14  18  22  19 
28  24  24  25  24  30  30  26  32  34  33  29  24  23  24  21  22  25  24  27  29  25  25  23  25  20  20  20  21  25  31  29  26  22  17  11  16  14  13  19  29  22  22  20  15  11  11  9   12  14  28  28  22  19  16  7   4   7   12  13  28  29  26  19  10  7   0   3   12  13  29  28  25  20  16  9   5   6   8   10  31  22  22  20  16  11  6   6   12  13  32  26  23  20  19  16  9   13  17  14 
31  27  27  28  27  32  29  23  29  31  36  32  27  26  27  23  24  22  21  24  32  28  28  26  27  22  17  17  18  22  34  32  29  25  19  13  13  11  10  16  32  25  25  23  17  13  8   6   9   11  31  31  25  22  19  10  7   4   9   10  31  32  29  22  13  10  3   0   9   10  31  30  27  23  19  12  8   3   5   7   33  24  24  22  18  13  8   8   10  10  34  28  25  22  21  18  11  15  14  11 
32  28  28  27  26  24  21  15  21  22  37  33  28  27  26  21  22  14  12  15  33  29  29  27  25  20  15  9   9   13  35  33  30  26  20  14  12  3   1   7   33  26  26  24  18  14  9   7   0   2   34  34  28  25  24  17  12  5   0   1   34  35  32  29  20  17  12  9   0   1   35  36  34  31  27  20  16  10  8   6   39  31  31  29  25  20  15  15  10  9   40  35  32  29  28  25  18  19  13  10 
33  29  29  28  27  25  22  16  22  23  38  34  29  28  27  22  23  15  13  16  34  30  30  28  26  21  16  10  10  14  36  34  31  27  21  15  13  4   2   8   34  27  27  25  19  15  10  8   1   1   35  35  29  26  25  18  13  6   1   0   35  36  33  30  21  18  13  10  1   0   36  36  33  30  26  19  15  9   7   5   39  30  30  28  24  19  14  14  9   8   40  34  31  28  27  24  17  18  12  9  
19  15  15  16  15  23  26  30  36  43  19  20  15  14  15  20  21  29  32  40  15  16  16  14  19  21  26  32  35  39  13  16  14  13  21  21  28  33  35  41  9   9   9   11  17  21  26  28  35  37  1   1   7   10  13  22  27  30  35  36  1   2   5   12  20  22  29  31  35  36  0   1   5   11  15  21  24  28  30  32  4   7   7   9   13  18  23  23  29  30  5   11  8   13  14  19  26  30  34  31 
20  16  16  17  16  24  27  31  37  44  20  21  16  15  16  21  22  30  33  41  16  17  17  15  20  22  27  33  36  40  14  17  15  14  22  22  29  34  36  42  10  10  10  12  18  22  27  29  36  37  2   2   8   11  14  23  28  31  36  36  2   3   6   13  21  23  28  30  36  36  1   0   4   10  14  20  23  27  29  31  5   6   6   8   12  17  22  22  28  29  6   10  7   12  13  18  25  29  33  30 
18  14  14  15  14  22  25  29  35  42  23  19  14  13  14  19  20  28  31  39  19  15  15  13  18  20  25  31  34  38  18  19  16  12  20  20  27  32  34  40  14  12  12  10  16  20  25  27  34  34  6   6   6   9   12  21  26  29  34  33  6   5   2   9   18  21  25  27  34  33  5   4   0   6   10  17  20  24  26  28  9   3   3   5   9   14  19  19  25  26  10  7   4   9   10  15  22  26  30  27 
24  20  20  21  20  28  31  35  41  48  29  25  20  19  20  25  26  34  37  45  25  21  21  19  24  26  30  36  39  43  24  25  22  18  25  19  26  31  32  38  20  18  18  16  22  19  24  26  31  31  12  12  12  15  18  15  20  27  31  30  12  11  8   7   12  15  20  23  31  30  11  10  6   0   4   11  15  21  23  25  15  8   8   6   10  14  16  16  22  23  16  12  9   13  13  18  19  23  27  24 
27  23  23  24  23  31  34  35  41  48  32  28  23  22  23  25  26  34  37  41  28  24  24  22  27  24  26  32  35  39  28  28  25  21  21  15  22  27  28  34  24  21  21  19  19  15  20  22  27  27  16  16  16  18  15  11  16  23  27  26  16  15  12  11  8   11  16  19  27  26  15  14  10  4   0   7   11  17  19  21  19  12  12  10  6   10  12  12  18  19  20  16  13  10  9   14  15  19  23  20 
27  23  23  24  23  29  29  30  36  42  32  28  23  22  23  20  21  29  32  35  28  24  24  22  24  19  21  27  29  33  30  28  25  21  16  10  17  22  21  27  28  21  21  19  14  10  15  17  20  20  22  22  21  18  15  6   11  16  20  19  22  22  19  18  9   6   9   12  20  19  21  20  17  11  7   0   4   10  12  14  23  14  14  12  8   3   5   5   11  12  24  18  15  12  11  8   8   12  16  13 
31  27  27  28  27  33  33  31  37  38  36  32  27  26  27  24  25  30  28  31  32  28  28  26  28  23  25  25  25  29  34  32  29  25  20  14  21  19  17  23  32  25  25  23  18  14  16  14  16  16  25  25  25  22  19  10  9   12  16  15  25  25  22  22  13  10  5   8   16  15  24  23  20  15  11  4   0   6   8   10  26  17  17  15  11  6   1   1   7   8   27  21  18  15  14  11  4   8   12  9  
34  30  30  31  30  34  31  25  31  32  39  35  30  29  30  26  27  24  22  25  35  31  31  29  30  25  20  19  19  23  37  35  32  28  22  16  16  13  11  17  35  28  28  26  20  16  11  9   10  10  29  29  28  25  22  13  10  7   10  9   29  29  26  25  16  13  6   3   10  9   28  27  24  21  17  10  6   0   2   4   30  21  21  19  15  10  5   5   7   7   31  25  22  19  18  15  8   12  11  8  
36  32  32  33  32  32  29  23  29  30  41  37  32  31  32  28  29  22  20  23  37  33  33  31  32  27  22  17  17  21  39  37  34  30  24  18  18  11  9   15  37  30  30  28  22  18  13  11  8   8   31  31  30  27  24  15  12  9   8   7   31  31  28  27  18  15  8   5   8   7   30  29  26  23  19  12  8   2   0   2   32  23  23  21  17  12  7   7   5   5   33  27  24  21  20  17  10  14  9   6  
38  34  34  33  32  30  27  21  27  28  43  39  34  33  32  27  28  20  18  21  39  35  35  33  31  26  21  15  15  19  41  39  36  32  26  20  18  9   7   13  39  32  32  30  24  20  15  13  6   6   33  33  32  29  26  17  14  11  6   5   33  33  30  29  20  17  10  7   6   5   32  31  28  25  21  14  10  4   2   0   34  25  25  23  19  14  9   9   4   3   35  29  26  23  22  19  12  13  7   4  
23  19  19  20  19  27  30  34  40  47  23  24  19  18  19  24  25  33  36  44  19  20  20  18  23  25  30  36  39  43  17  20  18  17  25  25  32  37  39  45  13  13  13  15  21  25  30  32  39  40  5   5   11  14  17  26  31  34  39  39  5   6   9   16  24  26  31  33  39  39  4   5   9   15  19  23  26  30  32  34  0   9   9   11  15  20  25  25  31  32  1   8   10  15  16  21  28  32  36  33 
21  17  17  18  17  25  28  32  38  45  26  22  17  16  17  22  23  31  34  42  22  18  18  16  21  23  28  34  37  41  20  22  19  15  23  23  30  34  32  38  16  15  15  13  19  23  28  30  31  31  8   8   9   12  15  20  25  28  31  30  8   8   5   12  20  20  22  24  31  30  7   6   3   8   12  14  17  21  23  25  9   0   0   2   6   11  16  16  22  23  10  4   1   6   7   12  19  23  27  24 
21  17  17  18  17  25  28  32  38  45  26  22  17  16  17  22  23  31  34  42  22  18  18  16  21  23  28  34  37  41  20  22  19  15  23  23  30  34  32  38  16  15  15  13  19  23  28  30  31  31  8   8   9   12  15  20  25  28  31  30  8   8   5   12  20  20  22  24  31  30  7   6   3   8   12  14  17  21  23  25  9   0   0   2   6   11  16  16  22  23  10  4   1   6   7   12  19  23  27  24 
23  19  19  20  19  27  30  34  40  47  28  24  19  18  19  24  25  33  36  44  24  20  20  18  23  25  30  36  38  42  22  24  21  17  25  22  29  32  30  36  18  17  17  15  21  22  27  28  29  29  10  10  11  14  17  18  23  26  29  28  10  10  7   13  18  18  20  22  29  28  9   8   5   6   10  12  15  19  21  23  11  2   2   0   4   9   14  14  20  21  12  6   3   7   7   12  17  21  25  22 
27  23  23  24  23  31  34  38  44  47  32  28  23  22  23  28  29  37  37  40  28  24  24  22  27  27  29  34  34  38  26  28  25  21  24  18  25  28  26  32  22  21  21  19  22  18  23  24  25  25  14  14  15  18  21  14  19  22  25  24  14  14  11  17  14  14  16  18  25  24  13  12  9   10  6   8   11  15  17  19  15  6   6   4   0   5   10  10  16  17  16  10  7   4   3   8   13  17  21  18 
30  26  26  27  26  32  32  33  39  42  35  31  26  25  26  23  24  32  32  35  31  27  27  25  27  22  24  29  29  33  31  31  28  24  19  13  20  23  21  27  27  24  24  22  17  13  18  19  20  20  19  19  20  21  18  9   14  17  20  19  19  19  16  21  12  9   11  13  20  19  18  17  14  14  10  3   6   10  12  14  20  11  11  9   5   0   5   5   11  12  21  15  12  9   8   5   8   12  16  13 
32  28  28  29  28  34  34  30  36  37  37  33  28  27  28  25  26  29  27  30  33  29  29  27  29  24  25  24  24  28  35  33  30  26  21  15  21  18  16  22  32  26  26  24  19  15  16  14  15  15  24  24  25  23  20  11  10  12  15  14  24  24  21  23  14  11  6   8   15  14  23  22  19  16  12  5   1   5   7   9   25  16  16  14  10  5   0   0   6   7   26  20  17  14  13  10  3   7   11  8  
32  28  28  29  28  34  34  30  36  37  37  33  28  27  28  25  26  29  27  30  33  29  29  27  29  24  25  24  24  28  35  33  30  26  21  15  21  18  16  22  32  26  26  24  19  15  16  14  15  15  24  24  25  23  20  11  10  12  15  14  24  24  21  23  14  11  6   8   15  14  23  22  19  16  12  5   1   5   7   9   25  16  16  14  10  5   0   0   6   7   26  20  17  14  13  10  3   7   11  8  
38  34  34  35  34  34  31  25  31  32  43  39  34  33  34  31  32  24  22  25  39  35  35  33  35  30  25  19  19  23  41  39  36  32  27  21  22  13  11  17  38  32  32  30  25  21  18  16  10  10  30  30  31  29  26  17  16  14  10  9   30  30  27  29  20  17  12  10  10  9   29  28  25  22  18  11  7   7   5   4   31  22  22  20  16  11  6   6   0   1   32  26  23  20  19  16  9   11  5   2  
39  35  35  36  35  33  30  24  30  31  44  40  35  34  35  30  31  23  21  24  40  36  36  34  34  29  24  18  18  22  42  40  37  33  28  22  21  12  10  16  39  33  33  31  26  22  18  16  9   9   31  31  32  30  27  18  17  14  9   8   31  31  28  30  21  18  13  10  9   8   30  29  26  23  19  12  8   7   5   3   32  23  23  21  17  12  7   7   1   0   33  27  24  21  20  17  10  10  4   1  
24  20  20  21  20  28  31  35  41  48  24  25  20  19  20  25  26  34  37  45  20  21  21  19  24  26  31  37  40  44  18  21  19  18  26  26  33  38  40  46  14  14  14  16  22  26  31  33  40  41  6   6   12  15  18  27  32  35  40  40  6   7   10  17  25  27  32  34  40  40  5   6   10  16  20  24  27  31  33  35  1   10  10  12  16  21  26  26  32  33  0   7   10  15  16  21  28  32  37  34 
25  21  21  22  21  29  32  36  42  49  30  26  21  20  21  26  27  35  38  46  26  22  22  20  25  27  32  38  41  45  24  26  23  19  27  27  34  38  36  42  20  19  19  17  23  27  32  34  35  35  12  12  13  16  19  24  29  32  35  34  12  12  9   16  24  24  26  28  35  34  11  10  7   12  16  18  21  25  27  29  8   4   4   6   10  15  20  20  26  27  7   0   3   8   9   14  21  25  31  28 
22  18  18  19  18  26  29  33  39  46  27  23  18  17  18  23  24  32  35  43  23  19  19  17  22  24  29  35  38  42  21  23  20  16  24  24  31  35  33  39  17  16  16  14  20  24  29  31  32  32  9   9   10  13  16  21  26  29  32  31  9   9   6   13  21  21  23  25  32  31  8   7   4   9   13  15  18  22  24  26  10  1   1   3   7   12  17  17  23  24  10  3   0   5   6   11  18  22  28  25 
27  23  23  24  23  31  34  38  44  51  32  28  23  22  23  28  29  37  40  44  28  24  24  22  27  29  33  38  38  42  26  28  25  21  28  22  29  32  30  36  22  21  21  19  25  22  27  28  29  29  14  14  15  18  21  18  23  26  29  28  14  14  11  18  18  18  20  22  29  28  13  12  9   13  10  12  15  19  21  23  15  6   6   7   4   9   14  14  20  21  15  8   5   0   1   6   13  17  23  22 
28  24  24  25  24  32  35  39  45  50  33  29  24  23  24  29  30  38  40  43  29  25  25  23  28  30  32  37  37  41  27  29  26  22  27  21  28  31  29  35  23  22  22  20  25  21  26  27  28  28  15  15  16  19  22  17  22  25  28  27  15  15  12  19  17  17  19  21  28  27  14  13  10  13  9   11  14  18  20  22  16  7   7   7   3   8   13  13  19  20  16  9   6   1   0   5   12  16  22  21 
33  29  29  30  29  37  37  38  44  47  38  34  29  28  29  28  29  37  37  40  34  30  30  28  32  27  29  34  34  38  32  34  31  27  24  18  25  28  26  32  28  27  27  25  22  18  23  24  25  25  20  20  21  24  23  14  19  22  25  24  20  20  17  24  17  14  16  18  25  24  19  18  15  18  14  8   11  15  17  19  21  12  12  12  8   5   10  10  16  17  21  14  11  6   5   0   7   11  17  18 
35  31  31  32  31  37  37  33  39  40  40  36  31  30  31  28  29  32  30  33  36  32  32  30  32  27  28  27  27  31  38  36  33  29  24  18  24  21  19  25  35  29  29  27  22  18  19  17  18  18  27  27  28  26  23  14  13  15  18  17  27  27  24  26  17  14  9   11  18  17  26  25  22  19  15  8   4   8   10  12  28  19  19  17  13  8   3   3   9   10  28  21  18  13  12  7   0   4   10  11 
39  35  35  36  35  41  40  34  40  41  44  40  35  34  35  32  33  33  31  34  40  36  36  34  36  31  32  28  28  32  42  40  37  33  28  22  28  22  20  26  39  33  33  31  26  22  23  21  19  19  31  31  32  30  27  18  17  19  19  18  31  31  28  30  21  18  13  15  19  18  30  29  26  23  19  12  8   12  14  13  32  23  23  21  17  12  7   7   11  10  32  25  22  17  16  11  4   0   6   9  
43  39  39  40  39  37  34  28  34  35  48  44  39  38  39  34  35  27  25  28  44  40  40  38  38  33  28  22  22  26  46  44  41  37  32  26  25  16  14  20  43  37  37  35  30  26  22  20  13  13  35  35  36  34  31  22  21  18  13  12  35  35  32  34  25  22  17  14  13  12  34  33  30  27  23  16  12  11  9   7   36  27  27  25  21  16  11  11  5   4   37  31  28  23  22  17  10  6   0   3  
40  36  36  37  36  34  31  25  31  32  45  41  36  35  36  31  32  24  22  25  41  37  37  35  35  30  25  19  19  23  43  41  38  34  29  23  22  13  11  17  40  34  34  32  27  23  19  17  10  10  32  32  33  31  28  19  18  15  10  9   32  32  29  31  22  19  14  11  10  9   31  30  27  24  20  13  9   8   6   4   33  24  24  22  18  13  8   8   2   1   34  28  25  22  21  18  11  9   3   0  
