1   2   3   13  24  23  22  14  5   34  15  4   11  33  44  32  12  21  54  43  42  25  16  31  26  53  17  55  6   35  45  41  63  27  7   61  51  64  73  46  52  36  65  71  62  18  72  37  66  82  8   83  56  93  19  81  84  47  28  74  91  48  92  29  57  58  76  94  9   75  85  95  67  38  30  86  39  68  20  77  69  59  49  87  88  70  96  60  50  78  10  97  79  40  80  89  90  98  100 99 
2   3   13  24  23  22  14  5   34  15  4   1   33  44  32  21  12  54  43  42  25  31  16  53  26  55  17  11  35  45  6   41  63  7   27  61  46  64  73  52  51  36  65  71  62  18  72  37  66  82  8   83  56  93  19  81  84  47  28  74  91  48  92  29  57  58  76  94  9   75  85  95  67  38  30  86  39  68  20  77  69  59  49  87  88  70  96  60  50  78  10  97  79  40  80  89  90  98  100 99 
2   3   13  24  23  22  14  5   34  15  4   1   33  44  32  21  12  54  43  42  25  31  16  53  26  55  17  11  35  45  6   41  63  7   27  61  46  64  73  52  51  36  65  71  62  18  72  37  66  82  8   83  56  93  19  81  84  47  28  74  91  48  92  29  57  58  76  94  9   75  85  95  67  38  30  86  39  68  20  77  69  59  49  87  88  70  96  60  50  78  10  97  79  40  80  89  90  98  100 99 
4   5   15  24  14  2   3   34  13  22  23  44  25  54  16  1   42  26  33  43  17  21  12  32  55  6   53  31  45  35  11  7   27  63  41  64  51  52  46  18  61  73  36  71  62  65  8   37  72  56  83  66  19  28  82  93  81  84  47  91  74  29  92  9   48  57  76  38  94  58  85  75  30  95  67  20  39  59  69  49  86  60  77  70  68  88  50  10  87  96  78  40  97  80  79  89  90  98  100 99 
5   15  4   24  14  2   3   34  13  22  23  44  25  54  16  1   42  26  33  43  17  21  12  32  55  6   53  31  45  35  11  7   27  63  41  64  51  52  46  18  61  73  36  71  62  65  8   37  72  56  83  66  19  28  82  93  81  84  47  91  74  29  92  9   48  57  76  38  94  58  85  75  30  95  67  20  39  59  69  49  86  60  77  70  68  88  50  10  87  96  78  40  97  80  79  89  90  98  100 99 
6   7   5   15  4   8   24  14  16  34  2   3   18  26  17  13  23  22  44  25  19  54  33  1   43  42  27  28  32  12  9   21  53  29  55  31  45  35  11  37  36  46  30  63  41  38  20  10  52  51  64  61  73  65  66  71  62  39  56  59  49  47  72  69  60  82  83  70  93  50  48  40  81  84  58  57  74  91  76  92  67  80  94  85  75  68  86  79  95  90  77  87  88  89  78  100 96  97  99  98 
7   6   8   18  17  16  26  19  15  5   24  14  28  9   4   34  3   2   13  29  22  23  44  25  27  54  42  43  33  1   30  32  21  20  38  12  55  53  36  37  46  10  31  39  45  49  59  35  69  70  60  11  66  63  56  50  48  40  47  41  58  51  61  64  52  73  62  65  71  80  72  82  57  83  76  68  79  93  90  67  81  84  91  89  78  74  100 86  92  77  87  88  75  99  94  85  95  96  97  98 
8   18  19  28  9   7   29  6   17  16  30  26  27  20  38  10  39  49  69  5   59  15  60  25  37  14  70  4   24  13  48  3   2   34  50  40  23  22  58  44  47  54  36  46  80  1   43  42  33  21  12  32  68  55  53  79  56  45  31  90  35  66  78  89  100 67  11  57  63  65  41  99  64  51  52  73  61  88  62  76  87  71  77  72  83  82  86  97  93  98  84  81  75  74  91  92  94  96  85  95 
9   8   18  10  19  28  29  7   20  6   17  16  30  26  27  38  39  59  15  5   69  49  60  25  37  14  70  4   24  40  13  48  3   2   34  50  23  22  58  44  47  54  36  46  80  1   43  42  33  21  12  32  68  55  53  79  56  45  31  90  35  66  78  89  100 67  11  57  63  65  41  99  64  51  52  73  61  88  62  76  87  71  77  72  83  82  86  97  93  98  84  81  75  74  91  92  94  96  85  95 
10  20  9   30  29  8   18  19  40  28  7   39  6   38  27  17  59  49  69  60  70  16  26  50  37  58  48  80  5   15  47  25  24  14  4   34  13  3   2   79  68  22  90  23  78  89  100 44  46  54  36  1   33  42  43  57  67  21  32  12  99  55  53  88  31  35  87  45  56  66  77  11  65  97  63  41  98  61  73  86  64  52  51  76  62  71  72  82  83  93  96  84  85  81  91  75  74  92  95  94 
11  21  12  31  1   22  23  3   2   13  41  32  14  24  5   34  33  15  4   44  54  25  43  42  16  55  17  26  53  52  51  61  45  35  62  6   71  72  63  7   27  64  46  73  81  36  91  65  18  66  56  83  37  82  8   93  84  19  28  47  74  48  92  57  29  76  75  58  9   85  94  67  95  38  30  86  20  77  68  39  59  87  69  49  88  70  60  96  50  78  10  97  79  40  80  89  90  98  100 99 
12  22  23  11  2   3   13  24  14  15  5   34  33  21  4   32  1   44  54  31  43  25  42  16  53  17  26  55  41  45  35  6   63  7   27  36  73  61  51  52  46  64  62  71  65  72  18  37  8   82  83  66  56  93  81  84  19  47  28  74  91  92  48  57  29  58  76  75  9   94  85  67  95  38  86  30  77  68  20  39  69  87  49  59  88  70  96  60  50  78  10  97  79  40  80  89  90  98  100 99 
2   3   13  24  23  22  14  5   34  15  4   1   33  44  32  21  12  54  43  42  25  31  16  53  26  55  17  11  35  45  6   41  63  7   27  61  46  64  73  52  51  36  65  71  62  18  72  37  66  82  8   83  56  93  19  81  84  47  28  74  91  48  92  29  57  58  76  94  9   75  85  95  67  38  30  86  39  68  20  77  69  59  49  87  88  70  96  60  50  78  10  97  79  40  80  89  90  98  100 99 
14  24  34  2   3   15  5   13  22  4   23  44  54  33  25  42  43  1   32  21  16  12  53  17  26  55  31  35  6   45  11  63  7   41  27  61  73  46  51  52  36  64  71  62  65  72  18  37  66  82  83  8   56  93  81  84  19  28  47  91  74  48  92  29  57  58  85  76  75  9   94  67  95  38  86  30  39  68  77  20  59  87  69  49  88  60  70  96  50  78  10  97  79  40  80  89  90  98  100 99 
5   15  4   24  14  2   3   34  13  22  23  44  25  54  16  1   42  26  33  43  17  21  12  32  55  6   53  31  45  35  11  7   27  63  41  64  51  52  46  18  61  73  36  71  62  65  8   37  72  56  83  66  19  28  82  93  81  84  47  91  74  29  92  9   48  57  76  38  94  58  85  75  30  95  67  20  39  59  69  49  86  60  77  70  68  88  50  10  87  96  78  40  97  80  79  89  90  98  100 99 
16  17  26  15  5   14  27  25  24  4   13  3   2   34  22  23  44  6   18  7   37  46  54  8   36  42  43  33  1   19  32  28  21  12  53  55  31  35  45  66  56  47  29  9   11  65  63  48  38  41  61  58  64  57  30  52  73  51  71  20  39  76  62  59  67  69  49  72  60  82  70  83  86  93  50  10  68  77  81  84  74  91  75  87  88  40  92  78  80  79  94  96  97  85  95  90  89  100 98  99 
17  16  26  15  5   27  24  14  25  4   2   3   13  34  7   18  8   23  22  44  6   36  19  54  46  37  42  43  33  1   32  12  28  21  55  53  29  35  56  66  45  9   31  47  11  63  30  65  48  38  41  20  51  52  73  57  58  64  61  71  62  76  39  59  10  67  69  72  49  83  70  60  82  86  93  50  68  77  40  81  84  91  75  87  88  74  92  78  80  79  94  96  97  85  95  90  89  100 98  99 
18  8   19  28  29  7   9   17  16  6   30  26  20  27  38  39  49  69  15  59  10  5   60  25  37  14  70  4   24  13  48  3   2   34  50  40  23  22  58  44  47  54  36  46  80  1   43  42  33  21  12  32  68  55  53  79  56  45  31  90  35  66  78  89  100 67  11  57  63  65  41  99  64  51  52  73  61  88  62  76  87  71  77  72  83  82  86  97  93  98  84  81  75  74  91  92  94  96  85  95 
19  18  29  8   28  30  20  9   7   17  39  59  27  49  69  16  38  70  26  6   60  40  50  10  37  58  48  5   15  24  4   80  25  14  2   3   47  34  13  79  22  23  90  44  68  89  78  54  100 46  36  1   33  43  42  12  21  32  57  67  99  53  55  31  66  45  56  35  87  88  77  11  65  63  41  97  73  98  51  64  52  61  86  62  71  76  72  82  83  93  81  84  85  96  74  91  75  92  94  95 
20  30  29  10  19  28  40  18  8   39  9   27  69  49  59  38  70  60  50  7   17  37  58  48  26  16  6   80  47  79  68  90  78  89  100 5   15  25  36  4   24  46  14  13  2   3   57  34  67  22  23  99  44  56  66  54  87  88  45  43  77  33  1   42  35  32  12  21  65  53  55  97  31  98  86  76  11  63  41  73  52  61  51  64  71  96  85  62  72  75  83  82  93  95  94  81  84  91  74  92 
21  31  11  23  22  13  2   3   32  41  14  24  34  5   15  33  12  4   1   44  54  25  43  42  16  55  17  26  53  52  51  61  45  35  62  6   71  72  63  7   27  64  46  73  81  36  91  65  18  66  56  83  37  82  8   93  84  19  28  47  74  48  92  57  29  76  75  58  9   85  94  67  95  38  30  86  20  77  68  39  59  87  69  49  88  70  60  96  50  78  10  97  79  40  80  89  90  98  100 99 
23  22  2   3   13  24  14  5   34  33  15  4   32  12  21  1   44  31  54  43  42  25  16  11  53  17  55  26  41  45  6   35  63  7   27  52  51  61  64  73  36  46  62  65  71  72  18  56  8   82  83  37  66  93  28  81  19  47  84  91  74  92  48  57  29  76  75  58  85  94  9   67  95  38  86  30  68  20  39  77  69  59  87  49  88  96  70  60  50  78  10  97  79  40  80  89  90  98  100 99 
23  22  2   3   13  24  14  5   34  33  15  4   32  12  21  1   44  31  54  43  42  25  16  11  53  17  55  26  41  45  6   35  63  7   27  52  51  61  64  73  36  46  62  65  71  72  18  56  8   82  83  37  66  93  28  81  19  47  84  91  74  92  48  57  29  76  75  58  85  94  9   67  95  38  86  30  68  20  39  77  69  59  87  49  88  96  70  60  50  78  10  97  79  40  80  89  90  98  100 99 
14  24  34  2   3   15  5   13  22  4   23  44  54  33  25  42  43  1   32  21  16  12  53  17  26  55  31  35  6   45  11  63  7   41  27  61  73  46  51  52  36  64  71  62  65  72  18  37  66  82  83  8   56  93  81  84  19  28  47  91  74  48  92  29  57  58  85  76  75  9   94  67  95  38  86  30  39  68  77  20  59  87  69  49  88  60  70  96  50  78  10  97  79  40  80  89  90  98  100 99 
25  5   15  26  4   24  14  2   3   34  16  13  17  22  23  35  44  54  27  33  1   42  43  12  32  21  6   53  55  45  31  46  36  37  11  7   18  63  8   28  41  61  56  64  19  52  51  66  73  71  62  47  29  65  72  83  48  82  9   93  38  81  58  57  84  30  39  76  74  91  59  69  67  92  20  49  70  60  86  85  94  50  68  75  77  95  87  88  10  78  40  80  97  96  79  90  89  100 98  99 
26  16  17  25  27  15  5   4   14  24  3   2   34  13  23  22  37  36  46  44  7   6   18  28  54  8   42  43  33  1   45  32  21  35  56  66  12  19  29  55  53  47  31  48  65  11  38  9   58  30  63  57  76  39  41  64  67  69  61  51  59  52  73  49  20  62  70  60  71  86  72  50  68  77  83  82  10  93  75  88  87  84  78  40  81  80  91  74  85  79  97  92  96  94  90  100 89  95  98  99 
27  37  26  28  16  17  47  29  25  46  48  18  36  5   15  19  14  4   8   38  24  30  58  13  3   2   34  22  39  23  56  49  45  44  20  66  69  7   6   59  54  60  70  68  1   50  42  43  35  33  12  21  9   32  57  65  55  53  67  31  78  40  80  76  11  10  79  63  86  90  41  77  88  89  87  73  52  51  61  100 64  62  71  75  72  99  82  83  97  85  96  93  81  84  74  91  95  98  92  94 
28  29  18  38  8   19  27  30  39  20  69  49  59  70  37  60  48  26  50  16  7   9   47  17  58  40  6   80  25  10  36  5   68  79  15  46  14  4   90  24  78  89  100 2   3   13  34  22  23  67  57  44  45  56  66  99  54  43  1   42  33  35  88  65  87  21  32  12  55  53  77  31  97  76  98  11  63  86  41  64  73  51  61  52  71  62  75  72  83  96  82  85  93  84  81  74  91  95  92  94 
29  19  28  30  18  20  8   39  27  38  49  59  69  70  60  50  40  9   37  10  7   58  48  26  17  80  16  47  6   79  68  90  78  89  100 25  36  5   15  46  4   67  57  24  14  2   3   99  13  34  23  22  44  45  56  66  87  88  77  54  35  33  1   42  43  32  97  12  21  65  98  55  53  31  86  76  11  63  41  52  64  96  51  85  73  61  75  71  62  72  83  95  82  93  94  84  81  74  91  92 
30  20  29  19  40  28  10  18  8   39  49  69  59  38  27  70  60  50  9   37  7   58  48  26  17  80  16  47  6   79  68  90  78  89  100 25  36  5   15  46  4   67  57  24  14  2   3   99  13  34  23  22  44  45  56  66  87  88  77  54  35  33  1   42  43  32  97  12  21  65  98  55  53  31  86  76  11  63  41  52  64  96  51  85  73  61  75  71  62  72  83  95  82  93  94  84  81  74  91  92 
31  21  32  41  23  22  11  13  3   2   14  24  34  33  5   15  12  4   43  42  1   44  61  54  52  51  25  71  62  72  16  53  55  26  17  63  81  35  45  6   73  91  7   82  83  27  36  64  46  93  84  65  18  56  8   66  74  92  37  85  19  47  94  28  95  75  48  29  57  76  58  9   86  67  38  96  30  20  77  39  68  59  87  49  69  88  70  60  50  78  10  97  79  40  80  89  90  98  100 99 
32  23  31  22  33  2   3   13  24  14  21  42  15  43  5   34  12  41  4   1   44  54  11  25  16  55  17  26  53  52  51  45  6   35  61  62  71  63  72  27  7   36  64  46  73  65  81  91  18  82  66  8   56  83  37  93  84  19  28  47  74  48  92  57  29  76  75  58  9   85  94  67  95  38  30  86  20  77  68  39  59  87  69  49  88  70  60  96  50  78  10  97  79  40  80  89  90  98  100 99 
33  23  22  2   3   34  13  24  43  42  32  14  15  44  5   54  4   12  21  1   31  25  55  53  16  11  35  17  26  41  45  61  52  51  63  71  62  6   72  36  64  73  46  7   27  65  81  91  56  66  82  83  18  93  47  8   37  84  74  92  19  28  48  57  76  85  75  94  58  29  95  67  9   86  38  68  77  30  59  87  49  69  39  88  60  96  70  20  50  78  97  79  10  80  40  89  90  98  100 99 
34  24  14  44  2   3   5   15  13  22  54  4   23  43  33  42  53  55  25  1   21  12  16  32  45  26  35  17  31  6   63  41  11  46  36  61  64  52  51  73  62  65  71  7   27  72  56  82  83  66  18  93  37  84  8   81  47  91  74  48  92  19  28  57  75  58  85  94  76  67  29  95  9   38  86  68  77  69  87  30  59  39  49  88  60  20  96  70  50  78  97  79  10  80  40  89  90  98  100 99 
35  45  36  46  25  34  24  14  44  13  15  56  2   66  5   3   54  55  47  4   22  23  42  33  43  26  37  65  48  53  1   16  32  57  12  17  58  21  76  27  67  31  63  6   38  41  86  68  11  61  59  64  69  51  49  77  39  73  52  87  88  60  71  62  75  7   70  78  72  50  28  18  82  83  85  97  96  93  79  8   74  81  84  91  40  80  19  29  89  92  95  90  94  98  100 9   30  20  99  10 
46  36  45  56  66  47  35  48  65  37  57  26  58  16  76  55  44  17  27  54  67  38  34  42  43  24  14  86  68  49  53  39  69  59  2   25  3   5   77  15  13  70  4   60  88  87  75  22  23  33  64  78  50  28  79  96  63  97  85  1   6   7   41  32  12  18  21  74  61  8   52  73  80  29  40  51  71  62  31  95  89  98  19  94  84  90  72  100 11  83  82  93  30  81  91  20  99  9   92  10 
37  27  47  46  36  48  38  26  58  28  16  17  56  45  39  66  49  69  59  29  70  60  68  35  57  50  65  25  5   15  18  24  4   67  8   19  14  78  34  40  76  2   3   44  13  30  55  80  23  54  22  79  20  6   43  42  7   86  88  87  77  90  1   53  33  100 9   89  12  21  32  75  64  97  31  96  99  85  63  74  10  11  41  51  52  73  61  71  62  98  95  84  72  94  83  82  93  81  91  92 
38  39  49  59  69  60  70  48  50  28  58  47  40  29  37  80  18  68  79  8   27  90  36  46  19  89  30  78  100 57  67  20  99  56  45  66  26  9   88  87  35  16  7   17  65  77  6   97  76  98  10  55  25  44  54  86  5   15  14  34  4   24  43  42  2   3   13  53  22  23  75  85  96  33  64  1   63  32  21  12  74  95  41  31  94  52  51  73  84  61  62  71  83  82  72  11  93  81  91  92 
39  59  49  69  38  60  70  50  58  40  80  48  29  28  79  47  68  90  89  37  78  100 19  30  57  18  67  46  36  8   99  20  27  88  87  77  45  66  56  97  26  16  35  98  7   9   17  65  86  10  76  6   25  55  44  54  5   15  85  34  4   43  42  14  24  96  2   3   13  75  53  22  23  95  84  64  94  33  1   21  82  83  32  63  12  74  41  93  73  31  51  52  61  62  71  11  72  92  81  91 
40  39  30  69  49  59  50  38  70  60  20  29  58  48  80  19  28  47  79  68  90  10  78  89  37  100 18  8   57  67  46  99  36  27  87  88  9   77  66  45  7   56  17  26  97  98  16  35  86  76  65  6   55  25  44  54  15  5   96  14  43  42  4   85  24  34  2   3   13  23  75  22  53  95  33  94  64  84  1   63  82  83  32  21  12  74  41  93  31  51  73  61  52  62  71  92  11  72  81  91 
41  31  21  42  43  32  51  52  61  71  62  44  22  23  11  72  54  2   3   13  34  63  14  33  24  53  81  5   15  55  73  12  91  4   45  1   83  82  25  93  84  16  17  64  26  36  35  46  74  65  92  6   94  56  66  85  95  47  7   27  75  37  48  57  86  18  96  58  8   76  67  28  19  38  88  77  87  68  49  69  29  39  59  70  9   60  97  50  78  79  30  89  20  90  40  98  80  100 10  99 
43  42  44  54  34  24  33  14  2   55  13  3   15  53  5   32  41  23  22  4   51  52  61  45  71  62  63  72  1   25  31  12  21  16  46  73  64  36  35  26  17  81  65  91  6   83  82  56  11  66  93  7   47  27  84  74  92  48  37  57  18  75  76  94  58  85  8   67  95  19  28  38  86  77  68  29  49  88  87  39  69  59  60  96  70  9   50  78  97  79  30  20  89  40  80  90  98  10  100 99 
43  42  44  54  34  24  33  14  2   55  13  3   15  53  5   32  41  23  22  4   51  52  61  45  71  62  63  72  1   25  31  12  21  16  46  73  64  36  35  26  17  81  65  91  6   83  82  56  11  66  93  7   47  27  84  74  92  48  37  57  18  75  76  94  58  85  8   67  95  19  28  38  86  77  68  29  49  88  87  39  69  59  60  96  70  9   50  78  97  79  30  20  89  40  80  90  98  10  100 99 
44  54  34  42  43  14  24  55  53  3   13  15  2   5   4   23  22  45  33  63  25  1   12  21  41  32  16  73  52  51  46  64  36  35  61  26  17  31  62  65  71  72  6   82  11  66  83  56  93  84  7   27  47  81  74  91  92  37  48  18  57  8   75  85  94  58  76  95  67  19  28  86  38  68  77  39  88  87  59  29  49  69  96  9   60  70  50  78  97  79  30  20  89  40  80  90  98  10  100 99 
45  36  46  35  44  55  54  42  43  66  56  34  24  47  14  53  13  2   3   15  5   48  37  22  23  65  4   33  58  57  26  25  63  1   16  76  17  32  67  12  41  21  27  61  52  73  64  38  51  86  68  62  31  71  69  6   39  72  49  59  77  60  87  88  82  11  75  70  83  78  93  50  28  81  7   84  74  91  97  79  96  85  18  92  8   40  80  29  95  89  94  90  98  19  100 30  99  20  9   10 
46  36  45  56  66  47  35  48  65  37  57  26  58  16  76  55  44  17  27  54  67  38  34  42  43  24  14  86  68  49  53  39  69  59  2   25  3   5   77  15  13  70  4   60  88  87  75  22  23  33  64  78  50  28  79  96  63  97  85  1   6   7   41  32  12  18  21  74  61  8   52  73  80  29  40  51  71  62  31  95  89  98  19  94  84  90  72  100 11  83  82  93  30  81  91  20  99  9   92  10 
47  48  58  46  37  36  38  68  59  49  27  69  66  57  56  39  45  60  70  35  50  67  78  65  28  79  26  16  40  80  55  44  76  88  29  87  17  54  77  34  43  42  90  89  86  24  14  18  97  53  100 15  5   8   2   13  25  19  3   22  4   75  30  23  33  64  99  20  85  1   98  96  63  6   7   12  21  41  32  74  61  51  73  52  9   71  62  95  31  72  94  84  83  82  11  93  10  81  91  92 
48  47  58  38  68  59  37  36  46  49  39  69  70  60  57  50  67  78  28  45  56  66  79  27  35  80  40  29  77  87  88  65  18  89  90  26  55  76  44  97  100 19  16  8   17  54  30  86  42  34  43  99  24  14  20  13  2   53  98  15  5   25  3   22  4   23  75  9   7   33  64  85  96  1   63  6   32  41  12  21  74  51  95  52  61  73  10  84  94  31  62  71  72  83  82  11  93  81  91  92 
49  59  69  60  39  70  50  38  58  80  48  40  79  68  29  47  90  28  89  78  100 67  19  57  37  99  30  46  18  36  87  8   27  20  88  77  56  66  97  45  98  76  65  86  26  35  16  7   9   10  17  44  6   55  96  54  25  85  15  34  5   43  42  75  14  24  4   2   53  95  13  3   22  94  84  64  23  33  83  74  82  93  1   63  32  41  21  12  73  51  52  61  62  71  31  92  72  11  81  91 
50  70  60  69  59  49  39  38  80  58  79  40  90  48  89  78  100 47  68  28  29  99  19  57  67  37  88  87  30  46  36  18  77  8   20  27  97  98  66  56  86  76  45  65  35  26  9   16  7   17  10  85  96  55  44  6   54  75  25  34  5   43  95  42  15  84  4   24  94  14  53  2   3   13  83  74  64  22  23  82  33  93  63  73  1   21  92  32  41  12  51  61  52  31  72  71  62  11  81  91 
61  52  51  71  62  72  63  81  73  53  91  42  43  82  41  83  93  54  44  84  64  92  55  31  74  34  14  33  24  3   13  15  2   21  85  5   94  32  23  95  4   22  75  45  1   25  11  65  86  16  12  17  46  35  36  26  96  56  66  6   76  88  87  7   47  77  27  57  97  37  48  67  18  78  8   58  89  19  98  28  90  79  68  100 38  80  69  59  49  39  29  70  60  99  9   50  30  20  40  10 
61  52  51  71  62  72  63  81  73  53  91  42  43  82  41  83  93  54  44  84  64  92  55  31  74  34  14  33  24  3   13  15  2   21  85  5   94  32  23  95  4   22  75  45  1   25  11  65  86  16  12  17  46  35  36  26  96  56  66  6   76  88  87  7   47  77  27  57  97  37  48  67  18  78  8   58  89  19  98  28  90  79  68  100 38  80  69  59  49  39  29  70  60  99  9   50  30  20  40  10 
53  54  44  63  43  51  52  55  61  34  73  42  24  14  71  62  2   3   5   13  72  15  82  22  23  83  4   93  45  33  84  81  64  74  91  1   25  65  21  16  12  41  32  92  26  36  17  46  35  31  66  56  94  85  75  6   95  11  7   27  47  57  86  37  76  96  48  67  18  8   58  87  28  77  19  68  88  38  29  78  49  97  69  39  59  60  9   70  50  79  89  90  80  30  98  20  100 40  99  10 
54  44  34  42  43  53  55  14  24  15  13  5   3   2   4   22  23  63  45  33  64  73  52  51  61  1   25  12  71  41  16  21  65  62  32  35  36  46  17  72  26  31  82  83  56  66  93  6   81  11  84  74  91  7   92  47  27  57  85  75  48  76  37  94  95  18  67  8   58  86  68  77  28  19  87  38  88  96  39  69  49  29  78  59  70  97  9   60  50  79  80  30  89  90  20  98  40  100 10  99 
55  54  44  42  43  45  34  53  65  24  14  2   5   13  15  3   23  22  4   56  66  46  63  36  33  35  51  61  64  73  52  1   25  71  62  32  16  41  21  12  57  72  17  26  47  31  82  83  75  76  6   67  93  48  81  37  11  84  74  86  91  77  27  58  92  68  7   88  87  94  85  78  18  38  95  97  96  8   39  69  79  49  59  19  28  70  60  89  50  80  90  98  29  100 9   40  99  30  20  10 
66  56  65  36  46  57  76  67  45  86  47  55  68  35  77  75  37  88  87  48  54  58  64  44  26  78  97  96  85  16  27  53  79  43  34  17  42  74  14  24  38  2   3   59  5   80  69  49  95  89  13  15  70  90  39  84  25  98  4   23  60  22  94  50  100 63  33  83  82  93  28  73  1   61  52  51  41  12  21  99  62  32  71  6   7   72  18  29  31  8   40  92  19  11  81  91  30  9   20  10 
57  67  66  56  68  58  65  36  46  47  48  77  78  87  88  76  79  49  69  59  45  39  70  60  97  50  38  37  55  80  86  35  89  75  54  98  90  64  44  100 26  27  16  40  85  96  42  43  34  74  17  53  28  29  24  14  99  15  95  3   2   13  5   84  23  94  22  25  4   19  63  33  18  83  30  82  93  8   1   51  52  73  61  21  32  62  20  41  71  12  7   72  6   92  31  11  81  91  9   10 
58  48  47  68  49  59  69  60  39  70  38  57  67  50  78  36  37  79  46  80  40  77  66  87  56  88  45  27  28  29  90  89  65  97  100 35  76  19  86  18  30  26  99  16  98  44  55  8   17  20  54  34  43  42  24  96  14  85  75  5   3   2   15  13  25  53  4   23  22  64  33  95  7   9   94  84  63  1   74  10  12  32  21  41  6   82  83  73  93  61  52  51  31  62  71  72  11  92  81  91 
49  59  69  60  39  70  50  38  58  80  48  40  79  68  29  47  90  28  89  78  100 67  19  57  37  99  30  46  18  36  87  8   27  20  88  77  56  66  97  45  98  76  65  86  26  35  16  7   9   10  17  44  6   55  96  54  25  85  15  34  5   43  42  75  14  24  4   2   53  95  13  3   22  94  84  64  23  33  83  74  82  93  1   63  32  41  21  12  73  51  52  61  62  71  31  92  72  11  81  91 
70  60  50  69  59  49  39  38  80  58  79  90  48  40  89  78  100 47  68  28  29  99  19  57  67  37  88  87  30  46  36  18  77  8   20  27  97  98  66  56  86  76  45  65  35  26  9   16  7   17  10  85  96  55  44  6   54  75  25  34  5   43  95  42  15  84  4   24  94  14  53  2   3   13  83  74  64  22  23  82  33  93  63  73  1   21  92  32  41  12  51  61  52  31  72  71  62  11  81  91 
61  52  51  71  62  72  63  81  73  53  91  42  43  82  41  83  93  54  44  84  64  92  55  31  74  34  14  33  24  3   13  15  2   21  85  5   94  32  23  95  4   22  75  45  1   25  11  65  86  16  12  17  46  35  36  26  96  56  66  6   76  88  87  7   47  77  27  57  97  37  48  67  18  78  8   58  89  19  98  28  90  79  68  100 38  80  69  59  49  39  29  70  60  99  9   50  30  20  40  10 
62  51  52  61  71  63  72  73  81  53  91  82  83  43  93  42  41  54  64  84  44  74  92  31  55  34  94  24  14  85  33  2   75  3   21  95  5   15  13  4   22  32  23  45  86  65  1   25  11  96  12  16  17  46  26  36  35  56  66  76  6   87  88  77  27  7   47  97  57  37  48  78  18  67  58  8   89  98  90  79  100 68  19  28  38  80  69  59  99  49  39  29  9   70  60  50  30  20  40  10 
63  73  62  61  51  52  53  83  71  82  93  72  54  84  64  74  44  92  81  91  34  55  43  42  24  85  94  14  41  95  2   15  3   13  75  5   22  23  4   45  33  65  86  1   25  31  21  16  96  12  32  36  35  26  46  17  56  76  66  6   88  11  87  77  27  47  7   57  97  37  48  78  67  18  89  58  8   98  79  90  100 68  19  28  38  80  69  59  99  49  39  29  9   70  60  50  30  20  40  10 
64  74  63  54  65  73  44  62  61  51  75  52  53  82  83  43  34  71  66  56  42  55  93  72  14  84  24  15  13  5   3   2   22  4   23  45  33  92  81  36  46  57  91  85  76  1   94  25  21  95  41  12  16  67  32  35  26  17  86  31  47  77  6   68  88  87  37  48  11  58  96  7   78  27  97  79  38  18  69  80  59  49  8   89  60  39  70  98  90  50  28  19  100 29  99  9   40  30  20  10 
65  56  66  55  36  46  57  75  64  76  54  67  45  44  86  47  74  42  68  35  34  53  77  43  48  37  85  87  24  88  14  15  2   3   5   13  58  4   78  26  22  23  63  16  95  96  97  33  27  17  73  94  84  79  61  1   51  38  62  25  52  69  71  83  59  82  49  41  32  21  89  12  80  39  70  72  90  93  98  60  50  100 31  6   11  92  28  81  99  91  18  7   29  8   40  19  30  20  9   10 
66  56  65  36  46  57  76  67  45  86  47  55  68  35  77  75  37  88  87  48  54  58  64  44  26  78  97  96  85  16  27  53  79  43  34  17  42  74  14  24  38  2   3   59  5   80  69  49  95  89  13  15  70  90  39  84  25  98  4   23  60  22  94  50  100 63  33  83  82  93  28  73  1   61  52  51  41  12  21  99  62  32  71  6   7   72  18  29  31  8   40  92  19  11  81  91  30  9   20  10 
67  68  57  77  78  88  87  58  66  56  79  48  76  97  65  80  47  46  36  86  59  69  49  89  60  70  90  98  39  38  50  100 45  55  75  37  96  85  35  99  95  64  54  40  44  28  27  26  84  74  94  16  29  17  82  43  34  53  42  83  14  24  93  5   19  15  3   2   13  25  22  30  73  23  4   18  8   92  33  63  20  1   51  52  72  61  41  21  62  32  71  12  7   6   81  31  91  9   11  10 
68  67  78  58  79  48  80  57  88  77  47  87  49  69  59  89  39  90  66  60  56  70  50  97  38  100 76  46  36  37  65  86  99  98  40  27  28  45  29  96  85  55  35  75  19  95  84  64  26  94  30  18  54  74  16  8   44  82  83  17  20  34  42  43  53  93  14  24  15  5   3   73  25  2   13  22  4   92  23  63  9   33  7   72  61  51  52  1   71  10  62  6   21  41  32  12  81  91  31  11 
49  59  69  60  39  70  50  38  58  80  48  40  79  68  29  47  90  28  89  78  100 67  19  57  37  99  30  46  18  36  87  8   27  20  88  77  56  66  97  45  98  76  65  86  26  35  16  7   9   10  17  44  6   55  96  54  25  85  15  34  5   43  42  75  14  24  4   2   53  95  13  3   22  94  84  64  23  33  83  74  82  93  1   63  32  41  21  12  73  51  52  61  62  71  31  92  72  11  81  91 
70  60  50  69  59  49  39  38  80  58  79  90  48  40  89  78  100 47  68  28  29  99  19  57  67  37  88  87  30  46  36  18  77  8   20  27  97  98  66  56  86  76  45  65  35  26  9   16  7   17  10  85  96  55  44  6   54  75  25  34  5   43  95  42  15  84  4   24  94  14  53  2   3   13  83  74  64  22  23  82  33  93  63  73  1   21  92  32  41  12  51  61  52  31  72  71  62  11  81  91 
71  52  51  61  72  62  81  73  63  91  53  82  83  93  41  84  43  42  54  92  74  44  64  55  34  94  31  85  14  33  24  95  13  21  2   3   5   75  15  23  22  4   32  45  86  1   11  96  25  65  12  16  46  36  35  17  26  76  56  66  6   87  88  77  47  27  97  7   57  37  78  48  18  67  89  98  58  90  79  8   100 68  19  80  28  38  99  69  59  49  39  29  9   70  60  50  30  20  40  10 
72  71  61  52  51  62  73  81  83  82  63  91  93  53  84  42  41  43  74  92  54  94  44  85  95  64  75  34  31  55  24  33  14  15  21  13  5   2   3   86  32  22  4   23  96  45  1   25  11  76  16  12  65  88  17  26  46  87  35  36  66  77  56  6   97  27  78  7   47  89  67  57  90  48  79  98  37  100 68  18  80  8   58  99  19  28  38  29  69  39  49  59  60  70  9   50  30  20  40  10 
73  63  83  82  93  72  62  84  71  53  52  61  74  51  92  81  85  54  94  64  75  44  95  91  34  55  42  43  14  24  2   3   15  86  13  5   41  23  22  96  4   33  45  76  65  1   25  31  21  12  16  88  87  32  77  17  46  36  35  26  56  66  97  6   11  78  89  27  67  7   47  79  57  90  98  100 68  48  37  80  18  8   58  99  19  28  38  60  70  29  69  39  49  59  50  9   30  20  40  10 
74  75  73  84  64  63  82  83  93  85  72  71  76  62  51  65  52  53  61  92  95  94  86  77  54  81  66  56  44  87  88  91  42  55  34  43  96  46  36  14  24  97  2   67  5   41  3   13  57  15  78  23  22  4   45  33  89  79  90  98  68  1   100 25  31  47  21  80  32  35  12  16  26  37  48  17  99  58  6   11  70  60  27  7   59  50  38  69  49  39  18  8   28  19  40  29  9   30  20  10 
75  74  85  76  65  95  84  94  86  73  64  56  66  77  82  87  83  88  63  93  72  96  97  46  36  55  62  71  51  52  53  61  92  67  57  78  54  89  45  68  44  81  98  79  90  100 91  47  42  34  43  80  35  24  37  48  14  99  2   3   5   58  13  15  4   41  22  23  26  33  16  60  70  27  17  1   59  69  25  38  50  49  32  12  39  21  31  6   11  28  40  7   18  29  8   19  30  20  9   10 
76  86  77  88  87  56  66  75  97  96  85  67  65  78  36  46  89  57  95  74  84  90  79  94  98  68  100 80  82  83  45  47  55  93  99  35  58  73  37  48  54  64  92  60  63  44  70  26  69  72  59  50  49  16  53  27  43  42  17  39  71  34  52  61  62  24  51  38  14  81  13  5   3   2   15  91  4   22  23  25  33  1   28  40  21  41  12  32  18  29  7   6   31  8   19  11  30  20  9   10 
77  88  87  76  97  67  86  78  89  90  98  68  79  57  100 66  80  56  75  96  85  99  58  65  46  48  95  36  74  94  84  70  60  69  49  47  59  50  39  82  83  93  45  55  38  35  73  92  37  63  54  64  44  72  26  40  71  16  17  62  28  27  42  43  34  61  52  51  53  29  24  81  14  13  3   5   15  2   91  4   22  19  25  23  30  33  18  8   20  1   12  32  41  21  7   6   31  11  9   10 
78  79  68  80  88  87  77  67  58  90  89  100 97  70  60  48  69  49  86  59  57  76  50  47  99  39  98  56  66  38  85  96  46  37  65  36  75  40  95  94  29  28  84  45  27  83  74  82  55  19  35  93  30  73  18  8   92  64  54  26  20  16  63  44  72  17  53  71  43  42  34  24  62  14  51  61  52  81  25  15  13  5   3   2   9   23  91  7   4   22  10  33  6   1   21  32  12  41  31  11 
79  80  78  90  89  68  100 88  87  70  60  77  69  67  59  49  50  99  58  39  97  48  38  86  57  76  47  98  66  40  56  28  85  96  29  37  46  65  36  75  95  19  30  84  94  18  27  45  83  20  8   82  74  55  93  35  73  26  54  92  64  63  44  16  17  7   9   72  42  43  53  34  10  71  62  52  51  24  14  61  2   5   3   15  6   13  25  81  4   91  23  22  33  1   12  41  32  21  31  11 
80  79  90  100 89  78  70  60  69  59  49  50  99  68  39  88  38  87  77  67  58  97  98  48  40  76  57  86  28  29  47  56  66  37  19  85  30  96  36  18  46  65  8   27  20  75  95  94  84  45  83  82  74  55  93  26  35  16  7   9   73  10  17  54  92  64  63  6   44  25  72  5   53  15  43  42  34  71  24  62  52  51  4   14  61  3   2   13  81  91  23  22  33  1   12  41  32  21  31  11 
81  91  71  61  72  51  52  62  92  83  82  63  73  93  53  84  41  43  42  54  94  44  74  85  95  64  55  31  34  24  14  33  3   2   5   15  13  21  75  4   32  86  22  23  96  45  1   25  11  76  16  12  65  88  17  26  46  87  35  36  66  77  56  6   97  27  78  7   47  89  67  57  90  48  79  98  37  100 68  18  80  8   58  99  19  28  38  29  69  39  49  59  60  70  9   50  30  20  40  10 
82  83  93  84  73  92  63  85  72  94  71  95  51  61  62  74  52  53  81  91  86  54  96  75  64  44  76  55  43  42  34  87  88  14  24  41  77  13  2   15  5   3   4   23  22  45  33  97  31  65  56  66  1   25  78  32  89  21  16  12  67  79  46  36  26  90  17  98  35  100 68  6   57  80  11  99  58  7   47  27  37  60  48  70  18  69  49  59  50  39  8   28  38  19  29  40  9   30  20  10 
82  83  93  84  73  92  63  85  72  94  71  95  51  61  62  74  52  53  81  91  86  54  96  75  64  44  76  55  43  42  34  87  88  14  24  41  77  13  2   15  5   3   4   23  22  45  33  97  31  65  56  66  1   25  78  32  89  21  16  12  67  79  46  36  26  90  17  98  35  100 68  6   57  80  11  99  58  7   47  27  37  60  48  70  18  69  49  59  50  39  8   28  38  19  29  40  9   30  20  10 
84  82  83  93  85  73  74  92  94  63  95  72  71  86  52  75  62  51  61  53  81  76  96  91  64  87  54  88  44  77  97  55  43  34  42  14  41  24  56  65  66  15  3   78  2   5   13  67  89  4   22  23  79  45  33  90  98  46  36  31  68  100 80  1   57  25  32  12  16  21  99  35  26  17  58  47  6   60  11  70  48  59  50  69  37  49  7   39  27  38  18  8   40  28  19  29  9   30  20  10 
85  95  84  94  86  75  83  82  93  76  96  73  92  74  88  87  77  63  72  97  71  61  62  66  51  52  56  65  81  53  78  91  67  89  64  79  98  90  68  54  36  46  100 44  57  80  99  43  34  55  42  41  24  14  45  58  47  13  5   3   2   15  35  48  23  22  4   60  70  50  59  49  69  37  33  39  31  26  25  1   12  16  32  38  21  17  27  6   11  40  28  29  7   19  18  8   30  20  9   10 
86  76  87  96  85  88  77  97  95  56  84  66  94  78  75  67  83  82  89  90  93  65  79  98  100 46  36  68  57  73  74  80  92  99  63  72  45  58  71  55  47  70  48  52  60  61  62  35  51  69  81  59  50  53  49  37  91  64  39  54  44  26  38  16  34  42  43  17  27  24  14  2   3   5   15  13  4   22  40  41  23  25  33  28  29  1   32  21  31  12  18  19  7   6   8   30  20  11  9   10 
88  87  77  97  76  86  78  67  89  98  90  79  68  100 80  85  57  96  99  56  66  75  58  95  84  48  65  60  70  94  69  46  49  59  36  50  82  39  83  74  47  93  38  73  45  92  55  35  63  37  40  72  54  71  64  51  52  29  28  26  61  62  44  16  27  81  53  43  91  42  34  17  24  14  19  15  5   30  13  3   2   4   22  23  25  18  33  8   20  41  1   21  32  12  7   6   31  9   10  11 
88  87  77  97  76  86  78  67  89  98  90  79  68  100 80  85  57  96  99  56  66  75  58  95  84  48  65  60  70  94  69  46  49  59  36  50  82  39  83  74  47  93  38  73  45  92  55  35  63  37  40  72  54  71  64  51  52  29  28  26  61  62  44  16  27  81  53  43  91  42  34  17  24  14  19  15  5   30  13  3   2   4   22  23  25  18  33  8   20  41  1   21  32  12  7   6   31  9   10  11 
89  90  100 80  79  99  88  87  77  78  70  60  97  69  68  59  49  50  86  39  98  76  67  38  58  48  57  85  96  40  56  66  47  75  29  28  95  94  84  65  46  36  74  83  82  19  37  30  93  18  20  8   45  27  73  92  55  35  63  72  71  54  64  26  44  62  51  52  61  16  81  7   53  9   43  17  10  34  42  91  14  24  2   6   3   5   15  13  4   25  23  22  33  41  1   12  32  21  31  11 
90  100 89  80  99  79  88  87  78  77  70  60  69  59  49  50  68  39  98  97  76  38  86  67  58  48  40  57  85  96  47  66  28  29  56  75  95  19  84  94  37  65  46  30  36  18  74  83  82  8   27  93  20  45  73  55  92  63  35  26  72  71  54  64  7   9   16  10  17  62  61  52  51  44  53  81  91  42  43  34  6   14  24  25  15  3   2   13  5   4   23  22  33  41  1   12  32  21  31  11 
91  81  71  61  72  51  52  62  92  83  82  63  73  93  53  84  41  43  42  94  54  95  44  74  85  64  55  31  34  24  14  33  3   2   5   15  13  21  75  4   32  86  96  22  23  45  1   25  11  76  16  12  65  88  17  26  46  87  35  36  66  77  56  97  6   27  78  7   47  89  67  57  98  90  48  79  37  100 68  18  80  8   58  99  19  28  38  29  69  39  49  59  60  70  9   50  30  20  40  10 
92  93  82  83  84  91  73  81  94  95  63  72  85  71  61  62  51  74  52  53  96  86  54  64  75  44  76  42  43  34  55  87  88  24  14  41  2   77  3   15  5   13  97  23  22  4   33  45  66  56  31  65  1   25  98  78  32  89  21  16  12  67  79  46  36  26  90  17  35  100 68  6   57  80  11  99  58  7   47  27  37  60  48  70  18  69  49  59  50  39  8   28  38  19  29  40  9   30  20  10 
93  82  83  84  92  73  94  95  63  85  72  71  51  61  62  74  52  53  91  81  96  86  54  75  64  44  76  55  43  42  34  87  88  14  24  41  77  13  2   97  5   3   15  4   23  22  45  33  31  65  56  66  1   25  98  78  32  89  21  16  12  67  79  46  36  26  90  17  35  100 68  6   57  80  11  99  58  7   47  27  37  60  48  70  18  69  49  59  50  39  8   28  38  19  29  40  9   30  20  10 
94  95  85  93  82  83  96  84  92  73  86  75  63  76  72  71  97  74  88  87  51  61  62  52  81  91  77  53  98  65  66  56  64  54  78  44  89  67  79  55  34  90  42  43  68  100 41  36  24  46  14  15  99  2   80  57  3   13  5   23  22  4   45  33  31  58  1   47  25  12  70  16  48  21  60  35  32  59  17  26  50  37  69  49  39  6   38  11  27  7   40  18  8   28  29  19  30  9   20  10 
95  94  85  96  93  84  83  82  86  92  75  73  76  63  97  88  74  72  87  77  71  62  61  52  51  91  81  53  98  65  56  66  78  89  67  64  54  79  90  44  68  46  100 36  43  80  55  34  99  42  57  41  14  24  2   3   5   13  15  4   22  23  58  45  47  33  60  31  48  70  35  1   59  69  25  37  50  49  39  12  16  21  32  26  17  38  27  6   11  40  7   29  28  18  8   19  30  20  9   10 
96  95  86  94  97  85  76  88  87  98  93  77  84  83  82  66  75  56  92  78  73  89  67  63  79  90  99  65  46  36  68  100 72  74  71  80  57  52  51  62  61  53  91  81  58  45  47  55  48  60  64  35  54  70  69  59  50  44  49  37  39  43  42  34  26  14  24  16  38  41  3   17  5   27  13  15  2   23  22  4   33  31  25  40  1   12  28  29  32  21  19  7   6   18  11  8   30  20  9   10 
97  88  87  77  98  96  86  76  78  67  89  99  90  79  68  100 95  80  85  57  94  56  66  75  58  84  65  70  48  60  59  93  69  49  46  50  36  82  39  83  74  47  38  92  73  45  55  63  37  35  40  72  71  54  64  44  26  62  61  28  29  51  52  81  16  27  91  53  34  42  17  43  24  14  19  13  3   2   5   30  15  4   23  25  18  22  33  8   20  41  1   12  32  21  7   6   31  9   10  11 
98  97  99  88  87  77  100 90  96  89  76  78  86  80  67  79  68  95  85  94  57  70  66  60  56  75  69  59  58  49  50  39  48  84  65  36  38  93  46  74  83  47  82  92  40  73  45  55  63  28  29  35  37  72  71  64  54  52  19  26  44  61  62  51  81  16  27  53  30  91  17  43  42  34  18  14  24  8   20  13  3   5   2   15  4   22  25  23  33  1   41  9   12  21  7   32  10  6   31  11 
99  100 90  89  98  80  79  97  88  78  87  77  70  60  69  59  49  50  39  68  86  38  76  96  67  58  48  40  85  57  56  28  47  66  95  29  94  75  65  19  84  37  30  46  36  18  82  74  83  8   93  27  20  45  73  92  55  35  63  72  26  71  9   7   54  64  16  62  61  10  52  51  17  44  81  53  6   91  42  34  43  14  25  24  3   2   5   15  13  4   23  22  33  41  1   12  32  21  31  11 
100 90  89  99  80  79  88  87  78  98  77  70  60  69  59  49  50  97  39  68  86  38  76  67  58  40  48  85  96  57  56  29  28  66  47  75  95  37  84  94  65  19  46  36  30  83  82  18  74  8   27  93  20  73  45  55  92  35  63  72  26  71  9   16  64  54  7   62  10  51  44  17  61  52  53  81  43  42  34  6   91  14  25  24  13  15  5   3   2   4   23  22  33  1   41  21  12  32  31  11 
