1   11  2   3   21  22  12  4   31  5   13  14  15  32  24  41  17  27  25  23  26  18  28  29  42  33  34  16  51  35  7   6   36  8   44  52  37  38  30  43  53  19  55  54  56  63  45  64  46  62  74  57  61  9   39  85  65  47  84  48  20  10  58  86  75  40  66  68  71  72  73  67  69  81  96  76  95  49  83  94  97  87  50  77  59  78  88  98  82  93  79  91  92  70  99  80  90  89  60  100
2   3   4   1   15  14  13  22  12  5   11  32  24  27  17  26  25  23  21  28  31  33  29  18  34  16  36  7   6   35  8   42  44  37  43  38  30  41  19  56  54  45  46  55  57  53  9   63  64  39  74  51  52  65  62  20  48  47  58  10  66  61  40  85  84  68  75  86  67  69  73  76  96  72  49  95  50  59  77  71  78  81  83  94  87  79  97  98  88  93  82  70  91  60  90  92  80  89  99  100
3   2   4   5   13  14  15  1   12  22  24  11  27  26  25  23  17  32  18  29  28  33  34  16  6   21  36  35  7   8   31  44  37  43  38  30  19  42  56  55  46  45  54  53  57  41  64  9   63  39  74  52  65  62  20  48  47  58  10  51  66  61  40  85  84  68  75  86  67  69  73  76  49  72  96  95  50  59  77  71  78  81  83  94  87  79  97  98  88  93  82  70  91  60  90  92  80  89  99  100
4   14  5   15  3   2   24  25  17  26  27  16  18  34  29  28  36  13  35  7   6   8   44  37  43  30  1   38  22  23  19  12  46  54  55  56  45  33  57  53  11  63  64  9   74  52  42  39  32  47  48  65  20  62  21  51  58  10  84  85  66  31  61  40  68  75  67  86  69  41  73  76  96  72  49  95  50  59  77  71  78  81  83  94  87  79  97  98  88  93  82  70  91  60  90  92  80  89  99  100
5   14  15  4   24  26  27  17  25  3   28  29  18  16  34  13  36  7   6   2   35  8   37  44  30  38  43  19  23  54  46  45  33  56  55  53  57  63  64  1   9   12  22  42  39  74  52  62  47  48  20  65  10  11  58  51  85  84  40  32  66  61  68  67  75  86  21  69  41  31  73  76  96  49  72  95  50  59  77  71  78  81  83  94  87  79  97  98  88  93  82  70  91  60  90  92  80  89  99  100
6   7   8   16  25  17  27  26  18  28  29  9   35  36  5   14  15  38  30  37  34  19  10  4   24  56  46  55  45  44  54  57  39  43  20  3   48  33  13  2   65  47  58  40  53  63  64  66  74  23  52  62  42  68  67  69  51  85  84  61  49  76  32  86  75  1   50  12  22  59  77  73  41  31  78  72  96  79  11  95  71  81  83  97  94  88  21  87  93  70  98  60  82  90  80  91  89  92  100 99 
6   7   8   16  25  17  27  26  18  28  29  9   35  36  5   14  15  38  30  37  34  19  10  4   24  56  46  55  45  44  54  57  39  43  20  3   48  33  13  2   65  47  58  40  53  63  64  66  74  23  52  62  42  68  67  69  51  85  84  61  49  76  32  86  75  1   50  12  22  59  77  73  41  31  78  72  96  79  11  95  71  81  83  97  94  88  21  87  93  70  98  60  82  90  80  91  89  92  100 99 
8   6   7   16  29  28  18  27  26  25  17  9   38  36  35  30  19  14  5   15  10  37  4   34  24  46  55  39  56  45  44  20  54  57  43  40  3   48  33  13  2   65  47  58  53  63  64  66  74  23  62  52  42  68  49  67  85  61  50  51  69  84  32  76  75  86  1   12  22  59  77  73  41  31  78  72  96  79  11  95  71  81  83  97  94  88  21  60  87  93  70  98  82  90  80  91  89  92  100 99 
9   10  8   7   6   19  16  28  20  29  18  17  27  26  25  30  35  36  38  15  14  5   37  4   34  24  56  46  55  39  45  44  54  57  43  40  3   48  33  13  2   65  47  58  53  63  64  66  74  23  62  52  42  68  49  67  85  61  50  51  69  84  32  76  75  86  1   12  22  59  77  73  41  31  78  72  96  79  11  95  71  81  83  97  94  88  21  60  87  93  70  98  82  90  80  91  89  92  100 99 
10  9   20  8   7   6   19  16  30  28  29  18  17  27  26  25  35  36  38  15  14  5   37  4   34  40  24  56  46  55  39  45  44  54  57  43  3   48  33  13  2   65  47  58  53  63  64  50  66  74  23  62  68  42  49  52  67  84  51  61  69  85  32  76  86  75  1   12  22  59  77  73  41  31  78  60  72  96  11  79  95  71  81  83  94  97  88  21  87  93  70  98  82  90  80  91  89  92  100 99 
11  1   21  22  12  2   3   31  32  4   41  13  15  23  5   14  42  33  51  52  24  17  25  26  27  43  53  44  34  64  28  63  18  16  29  7   6   35  36  74  62  8   61  56  55  54  46  45  37  85  84  38  57  30  65  19  75  86  9   73  72  71  47  48  58  66  96  81  39  68  20  95  67  83  76  10  94  87  69  97  40  82  98  88  93  77  59  49  91  92  78  50  79  89  99  70  80  60  90  100
12  22  32  21  31  13  2   3   23  11  42  33  1   41  4   43  5   15  14  51  34  44  24  52  53  45  46  55  35  56  63  64  54  36  57  74  17  25  26  27  62  18  28  29  16  84  6   7   85  61  65  48  47  8   37  58  66  75  86  38  68  30  67  73  19  96  69  72  95  71  76  83  81  9   39  87  49  59  94  77  97  78  93  88  98  20  50  79  10  82  40  91  92  70  80  89  90  60  99  100
13  23  33  22  3   12  15  14  5   2   4   32  24  34  25  26  27  17  21  31  1   18  16  29  28  35  36  43  44  6   11  7   8   42  37  55  54  53  46  45  56  30  38  41  64  63  19  57  74  52  62  65  51  9   84  61  85  58  39  48  47  66  20  68  10  75  86  67  40  73  69  72  76  96  71  95  81  83  59  77  49  94  97  78  87  93  98  50  79  88  82  91  70  92  90  80  60  89  99  100
5   14  15  4   24  26  27  17  25  3   28  29  18  16  34  13  36  7   6   2   35  8   37  44  30  38  43  19  23  54  46  45  33  56  55  53  57  63  64  1   9   12  22  42  39  74  52  62  47  48  20  65  10  11  58  51  85  84  40  32  66  61  68  67  75  86  21  69  41  31  73  76  96  49  72  95  50  59  77  71  78  81  83  94  87  79  97  98  88  93  82  70  91  60  90  92  80  89  99  100
5   14  15  4   24  26  27  17  25  3   28  29  18  16  34  13  36  7   6   2   35  8   37  44  30  38  43  19  23  54  46  45  33  56  55  53  57  63  64  1   9   12  22  42  39  74  52  62  47  48  20  65  10  11  58  51  85  84  40  32  66  61  68  67  75  86  21  69  41  31  73  76  96  49  72  95  50  59  77  71  78  81  83  94  87  79  97  98  88  93  82  70  91  60  90  92  80  89  99  100
16  27  17  26  7   25  6   8   18  29  28  35  36  5   14  15  37  38  30  34  24  19  9   4   55  56  46  45  54  44  57  10  43  39  48  47  3   33  20  65  2   13  53  64  58  63  40  66  23  74  42  62  52  68  67  69  61  84  85  51  32  76  49  75  86  77  1   50  59  12  22  78  73  41  31  96  79  72  71  95  11  81  83  88  94  87  97  98  93  21  70  82  60  80  90  91  92  89  100 99 
27  17  26  25  18  29  28  16  35  36  6   7   5   8   37  14  15  38  30  34  24  19  4   55  56  46  45  54  44  57  43  39  9   48  47  20  3   33  65  2   13  53  64  58  63  10  66  40  23  74  42  62  52  68  67  69  61  84  85  51  32  76  49  75  86  77  1   50  59  12  22  78  73  41  31  96  79  72  71  95  11  81  83  88  94  87  97  98  93  21  70  82  60  80  90  91  92  89  100 99 
28  18  29  17  26  27  25  8   16  38  30  35  19  6   36  7   5   14  15  37  34  39  24  4   55  9   45  46  56  20  57  44  54  40  43  10  47  48  65  33  3   53  2   63  58  64  13  66  74  23  68  49  52  42  62  50  67  69  61  84  85  51  32  76  75  86  77  1   59  12  22  78  73  41  31  96  79  72  71  95  11  81  83  60  94  87  88  97  98  93  21  70  82  90  80  91  92  89  100 99 
19  28  18  29  27  20  17  26  25  9   8   16  38  30  35  7   6   36  10  14  15  5   37  34  24  39  4   55  56  46  45  54  44  57  43  40  48  47  3   33  65  53  13  63  58  2   64  66  74  23  68  42  49  62  52  50  67  69  61  84  85  51  32  76  75  86  77  1   59  12  22  78  73  41  31  96  79  72  71  95  11  81  83  60  94  87  88  97  98  93  21  70  82  90  80  91  92  89  100 99 
20  30  10  19  29  28  9   18  27  26  25  17  16  8   38  40  35  7   6   36  15  14  37  5   34  39  24  4   45  46  55  56  50  54  57  44  49  43  47  48  33  65  3   53  63  64  13  58  2   66  74  23  62  52  68  42  60  67  61  51  69  85  84  59  76  32  86  75  77  1   12  22  73  41  31  78  72  96  79  95  11  71  83  81  70  87  88  97  94  21  98  93  82  90  80  91  92  89  100 99 
21  31  12  22  11  32  1   41  13  51  42  33  2   3   23  52  53  63  64  43  34  74  62  44  4   14  5   61  15  45  46  54  55  36  56  65  84  85  35  24  57  75  86  25  26  27  17  73  72  71  29  96  47  48  81  28  16  37  18  58  95  6   66  7   83  76  68  8   97  94  87  67  38  69  88  98  82  30  93  19  77  91  59  92  49  78  9   50  79  39  20  89  99  10  40  70  90  60  80  100
12  22  32  21  31  13  2   3   23  11  42  33  1   41  4   43  5   15  14  51  34  44  24  52  53  45  46  55  35  56  63  64  54  36  57  74  17  25  26  27  62  18  28  29  16  84  6   7   85  61  65  48  47  8   37  58  66  75  86  38  68  30  67  73  19  96  69  72  95  71  76  83  81  9   39  87  49  59  94  77  97  78  93  88  98  20  50  79  10  82  40  91  92  70  80  89  90  60  99  100
23  33  13  32  34  24  22  12  31  35  43  44  36  14  15  5   3   2   42  45  46  53  54  55  27  56  25  4   17  26  21  64  57  63  52  74  41  28  29  16  18  37  62  6   65  51  11  7   48  58  8   84  85  61  47  66  1   38  30  86  75  19  68  67  73  69  76  96  72  71  39  9   95  49  83  59  77  20  81  87  94  97  78  93  98  88  50  79  40  10  82  91  70  92  80  90  60  89  99  100
24  34  5   15  14  35  36  4   44  26  27  25  17  43  23  29  28  46  55  54  56  18  45  16  33  57  53  63  7   37  6   3   64  42  52  13  74  2   8   30  38  62  65  51  19  58  47  48  61  85  66  84  32  68  86  75  22  12  67  9   41  39  31  69  76  73  1   20  96  72  40  77  95  59  71  10  49  11  78  81  83  97  87  94  50  79  21  88  93  98  82  70  91  80  90  92  60  89  99  100
27  17  26  25  18  29  28  16  35  36  6   7   5   8   37  14  15  38  30  34  24  19  4   55  56  46  45  54  44  57  43  39  9   48  47  20  3   33  65  2   13  53  64  58  63  10  66  40  23  74  42  62  52  68  67  69  61  84  85  51  32  76  49  75  86  77  1   50  59  12  22  78  73  41  31  96  79  72  71  95  11  81  83  88  94  87  97  98  93  21  70  82  60  80  90  91  92  89  100 99 
27  17  26  25  18  29  28  16  35  36  6   7   5   8   37  14  15  38  30  34  24  19  4   55  56  46  45  54  44  57  43  39  9   48  47  20  3   33  65  2   13  53  64  58  63  10  66  40  23  74  42  62  52  68  67  69  61  84  85  51  32  76  49  75  86  77  1   50  59  12  22  78  73  41  31  96  79  72  71  95  11  81  83  88  94  87  97  98  93  21  70  82  60  80  90  91  92  89  100 99 
27  17  26  25  18  29  28  16  35  36  6   7   5   8   37  14  15  38  30  34  24  19  4   55  56  46  45  54  44  57  43  39  9   48  47  20  3   33  65  2   13  53  64  58  63  10  66  40  23  74  42  62  52  68  67  69  61  84  85  51  32  76  49  75  86  77  1   50  59  12  22  78  73  41  31  96  79  72  71  95  11  81  83  88  94  87  97  98  93  21  70  82  60  80  90  91  92  89  100 99 
28  18  29  17  26  27  25  8   16  38  30  35  19  6   36  7   5   14  15  37  34  39  24  4   55  9   45  46  56  20  57  44  54  40  43  10  47  48  65  33  3   53  2   63  58  64  13  66  74  23  68  49  52  42  62  50  67  69  61  84  85  51  32  76  75  86  77  1   59  12  22  78  73  41  31  96  79  72  71  95  11  81  83  60  94  87  88  97  98  93  21  70  82  90  80  91  92  89  100 99 
28  18  29  17  26  27  25  8   16  38  30  35  19  6   36  7   5   14  15  37  34  39  24  4   55  9   45  46  56  20  57  44  54  40  43  10  47  48  65  33  3   53  2   63  58  64  13  66  74  23  68  49  52  42  62  50  67  69  61  84  85  51  32  76  75  86  77  1   59  12  22  78  73  41  31  96  79  72  71  95  11  81  83  60  94  87  88  97  98  93  21  70  82  90  80  91  92  89  100 99 
30  29  28  18  27  26  25  20  17  16  8   38  40  36  19  35  7   6   14  37  5   15  34  39  10  24  4   45  46  55  56  50  9   57  54  44  49  43  48  47  3   33  65  63  64  58  13  53  2   66  74  23  62  42  52  68  60  67  61  51  85  84  59  69  32  76  86  75  77  1   12  22  73  41  31  78  72  96  79  95  11  71  83  81  70  87  88  97  94  21  98  93  82  90  80  91  92  89  100 99 
31  32  41  21  12  22  51  42  33  52  11  23  53  1   64  63  43  13  34  62  74  44  2   3   61  55  36  65  24  85  46  45  84  35  54  56  57  86  75  27  26  25  4   17  72  73  71  5   14  15  18  29  28  37  16  96  48  58  81  47  95  66  7   6   83  76  68  87  67  97  94  8   30  98  93  38  69  88  82  19  91  77  49  92  59  78  50  79  39  9   20  89  99  40  10  70  90  60  80  100
32  31  22  12  33  42  41  23  21  13  43  44  2   34  51  3   11  52  53  46  45  63  64  24  54  36  35  55  56  74  57  1   62  27  26  4   25  17  85  65  5   84  61  14  15  29  16  58  48  47  18  37  28  66  75  86  7   68  6   8   73  67  69  38  72  96  30  71  76  19  95  81  83  94  59  77  97  87  49  88  78  98  93  50  79  39  9   82  20  91  40  10  70  92  80  60  89  90  99  100
33  23  34  32  13  43  44  36  35  31  24  12  22  55  45  42  17  54  53  56  46  25  26  27  64  5   57  63  14  15  74  41  16  28  37  29  18  21  52  3   4   62  2   65  6   7   51  61  47  85  58  84  8   48  38  66  30  68  75  86  11  19  67  73  69  76  72  1   96  39  9   71  95  83  81  20  77  49  59  78  87  97  94  93  88  98  50  79  40  10  82  91  70  92  80  90  60  89  99  100
34  44  36  35  24  43  56  55  54  46  45  27  26  25  17  33  15  57  5   14  53  16  64  29  28  37  23  63  18  4   42  74  52  62  6   7   65  51  58  8   48  47  61  66  84  38  30  32  85  19  68  13  75  67  86  3   2   31  69  41  12  73  76  22  72  39  9   96  59  49  95  71  77  20  81  83  78  94  50  97  87  40  21  10  79  93  98  88  1   82  70  91  11  90  92  80  60  99  89  100
36  35  17  25  26  27  34  37  46  18  29  28  55  56  16  45  54  57  24  44  6   43  7   8   15  14  5   38  30  33  65  58  4   63  64  53  19  48  47  74  23  66  52  68  42  62  67  51  39  9   84  69  85  61  32  3   20  76  2   75  13  86  10  77  49  59  40  73  31  78  41  79  50  96  22  12  72  71  95  81  83  94  97  88  87  93  98  1   70  21  82  90  80  60  11  91  89  92  100 99 
36  35  17  25  26  27  34  37  46  18  29  28  55  56  16  45  54  57  24  44  6   43  7   8   15  14  5   38  30  33  65  58  4   63  64  53  19  48  47  74  23  66  52  68  42  62  67  51  39  9   84  69  85  61  32  3   20  76  2   75  13  86  10  77  49  59  40  73  31  78  41  79  50  96  22  12  72  71  95  81  83  94  97  88  87  93  98  1   70  21  82  90  80  60  11  91  89  92  100 99 
37  17  36  27  26  25  35  28  38  18  16  29  48  47  34  6   7   8   46  14  5   55  56  15  45  54  44  24  57  30  19  43  4   58  65  49  33  53  64  63  68  9   74  50  39  23  66  42  62  52  3   20  69  13  67  2   85  61  40  84  51  10  76  32  59  78  75  86  79  77  73  31  41  12  22  96  72  60  88  95  1   71  83  70  87  81  97  94  80  98  90  11  93  21  82  100 89  91  92  99 
38  28  29  18  26  25  17  27  37  30  8   16  48  47  19  35  36  7   6   39  5   15  14  34  24  4   46  45  55  20  56  57  9   54  44  58  40  49  43  10  68  65  50  33  3   69  2   53  64  63  13  74  23  66  62  42  52  67  59  61  85  84  51  78  79  76  32  86  75  77  1   60  22  12  73  41  31  88  72  70  96  87  95  71  11  83  81  90  80  94  97  93  98  21  82  89  100 91  92  99 
39  49  40  38  29  28  18  50  27  26  25  17  8   16  30  19  7   6   36  35  48  47  59  5   15  14  37  34  4   60  69  24  45  56  55  46  9   20  68  57  44  54  58  43  10  3   65  79  33  67  53  2   63  64  13  74  23  66  78  62  42  52  70  51  84  85  77  61  80  32  90  76  75  86  88  87  1   12  22  89  73  31  41  100 96  72  71  11  95  81  97  83  99  94  98  21  93  82  91  92 
40  50  39  30  49  18  29  28  60  27  26  25  20  17  48  47  59  38  16  8   19  7   36  35  6   69  14  5   37  15  45  55  68  46  56  57  34  10  54  58  4   24  9   44  70  79  65  67  43  64  63  3   66  74  53  78  33  13  62  2   77  52  23  90  42  84  85  61  80  51  88  76  87  75  86  89  100 32  73  72  96  22  41  12  1   31  95  71  97  81  99  98  83  11  94  93  82  21  91  92 
41  51  31  52  32  42  53  64  63  21  62  74  61  43  12  44  22  54  84  65  85  33  55  56  46  45  75  34  57  86  11  23  73  72  71  24  36  81  35  96  58  95  66  48  47  1   13  83  2   76  94  68  17  27  3   97  26  25  87  88  82  67  14  98  5   15  93  16  37  28  29  18  69  4   77  91  7   92  6   59  8   78  49  30  38  50  79  19  89  99  70  39  9   20  90  60  40  80  10  100
42  43  44  32  52  53  41  64  63  56  55  54  51  46  45  31  34  57  22  74  12  62  36  33  24  35  85  84  65  61  48  23  58  47  21  17  86  75  27  26  25  66  5   68  14  15  18  13  28  29  16  37  73  67  4   69  72  96  2   7   6   95  11  71  3   76  81  83  8   59  87  49  94  38  30  77  97  93  19  78  98  88  1   50  79  82  91  39  9   70  92  20  80  60  89  90  99  40  10  100
43  44  53  45  46  34  54  64  56  63  55  74  42  52  57  62  51  36  24  35  84  65  61  85  47  58  48  33  17  66  86  27  26  25  75  14  41  68  15  23  32  5   28  67  73  29  18  37  16  96  4   69  72  95  31  6   7   71  76  22  12  81  83  8   77  49  59  97  30  87  13  94  38  88  93  78  98  19  50  79  3   82  2   21  9   39  91  20  70  92  10  60  89  40  99  80  90  11  1   100
44  43  46  56  55  54  45  34  57  53  63  64  74  35  24  52  42  36  62  65  48  47  51  58  33  66  61  26  25  85  84  27  17  68  5   14  15  28  86  75  16  18  29  37  23  67  41  32  4   69  76  7   6   73  72  8   96  77  71  95  59  49  38  31  30  83  81  12  13  19  78  22  97  87  3   94  79  50  98  93  2   88  82  9   21  39  70  20  91  60  40  90  92  80  10  1   99  11  89  100
55  46  45  56  57  54  44  43  65  58  48  63  64  36  35  47  34  74  53  66  68  62  17  67  27  26  52  25  24  84  69  42  61  85  51  16  37  29  18  28  76  86  75  49  6   77  33  7   59  8   5   15  14  73  78  79  72  50  30  23  38  96  41  32  4   19  95  71  83  81  87  97  88  94  98  93  70  31  12  9   82  22  13  39  90  60  40  20  80  3   2   10  91  100 89  21  92  99  11  1  
55  46  45  56  57  54  44  43  65  58  48  63  64  36  35  47  34  74  53  66  68  62  17  67  27  26  52  25  24  84  69  42  61  85  51  16  37  29  18  28  76  86  75  49  6   77  33  7   59  8   5   15  14  73  78  79  72  50  30  23  38  96  41  32  4   19  95  71  83  81  87  97  88  94  98  93  70  31  12  9   82  22  13  39  90  60  40  20  80  3   2   10  91  100 89  21  92  99  11  1  
48  47  57  56  55  46  45  58  54  49  37  68  44  50  65  38  43  69  36  64  63  35  34  74  66  53  17  26  27  25  67  62  59  18  52  29  28  61  24  85  42  78  84  16  40  76  39  51  79  6   77  75  7   86  30  15  5   60  33  14  8   88  19  73  87  41  72  70  23  96  4   32  71  95  90  83  80  81  97  94  31  20  98  9   93  89  100 22  13  12  3   82  2   10  91  99  21  92  1   11 
48  47  57  56  55  46  45  58  54  49  37  68  44  50  65  38  43  69  36  64  63  35  34  74  66  53  17  26  27  25  67  62  59  18  52  29  28  61  24  85  42  78  84  16  40  76  39  51  79  6   77  75  7   86  30  15  5   60  33  14  8   88  19  73  87  41  72  70  23  96  4   32  71  95  90  83  80  81  97  94  31  20  98  9   93  89  100 22  13  12  3   82  2   10  91  99  21  92  1   11 
49  50  59  48  47  40  39  60  69  57  56  55  46  45  68  58  54  37  44  79  30  38  65  43  67  35  63  18  28  29  36  64  53  66  78  74  34  27  26  25  62  17  70  52  77  90  61  16  80  85  84  42  24  8   19  20  76  7   6   51  88  75  86  87  89  100 33  15  14  5   73  41  72  23  96  4   32  71  97  95  9   98  83  81  99  10  94  93  31  82  12  3   13  22  2   91  92  21  1   11 
50  49  40  60  59  48  47  39  69  57  56  55  46  45  30  68  54  58  37  79  44  70  65  18  38  28  29  43  67  64  63  35  36  17  66  53  34  26  20  78  27  25  74  62  16  77  8   52  19  61  90  24  6   42  7   85  84  80  88  76  51  5   87  86  15  14  75  89  100 33  73  4   10  41  72  96  23  9   71  32  95  97  99  98  81  83  94  3   93  31  82  13  2   22  12  91  21  92  1   11 
51  52  41  53  63  64  74  62  43  61  44  31  54  65  42  85  84  45  46  56  55  86  34  75  57  32  72  71  73  81  35  36  21  24  96  48  66  58  95  47  76  83  22  33  12  17  68  94  27  26  25  87  97  67  14  15  82  5   93  23  88  98  28  18  29  16  69  37  77  4   11  91  7   6   92  8   59  49  78  30  38  13  1   50  79  19  2   99  89  3   70  39  9   20  60  90  40  80  10  100
52  51  53  64  63  74  62  43  41  61  44  54  42  65  85  84  55  46  56  45  57  34  75  86  31  73  72  36  24  96  71  35  48  95  58  47  66  81  32  83  76  33  94  68  17  87  27  26  25  97  67  5   93  82  21  14  23  15  88  98  12  22  28  29  16  18  69  37  77  4   91  6   7   92  49  59  78  8   30  13  38  50  19  11  79  99  3   89  2   1   70  39  9   20  80  60  40  90  10  100
53  64  63  52  74  43  62  44  51  84  54  85  61  65  55  46  56  45  75  34  86  57  42  41  73  96  24  72  35  36  48  47  58  66  71  95  83  76  81  33  97  17  25  26  27  94  31  68  87  93  98  67  88  5   32  15  23  14  18  82  28  29  37  69  16  4   77  7   6   91  78  49  59  8   12  21  22  92  38  13  30  19  50  79  89  99  3   2   70  39  11  9   20  90  40  80  60  1   10  100
54  56  55  46  45  57  44  64  63  43  74  53  65  62  47  36  35  34  48  58  66  52  85  84  68  61  24  25  26  27  42  67  51  17  75  69  86  76  29  37  28  18  16  73  33  14  96  5   59  49  6   7   15  77  41  72  78  71  95  8   23  50  4   38  32  83  30  81  79  94  97  19  87  98  88  93  82  31  70  22  12  13  9   39  3   90  91  2   60  20  40  80  92  21  10  100 99  89  11  1  
55  46  45  56  57  54  44  43  65  58  48  63  64  36  35  47  34  74  53  66  68  62  17  67  27  26  52  25  24  84  69  42  61  85  51  16  37  29  18  28  76  86  75  49  6   77  33  7   59  8   5   15  14  73  78  79  72  50  30  23  38  96  41  32  4   19  95  71  83  81  87  97  88  94  98  93  70  31  12  9   82  22  13  39  90  60  40  20  80  3   2   10  91  100 89  21  92  99  11  1  
55  46  45  56  57  54  44  43  65  58  48  63  64  36  35  47  34  74  53  66  68  62  17  67  27  26  52  25  24  84  69  42  61  85  51  16  37  29  18  28  76  86  75  49  6   77  33  7   59  8   5   15  14  73  78  79  72  50  30  23  38  96  41  32  4   19  95  71  83  81  87  97  88  94  98  93  70  31  12  9   82  22  13  39  90  60  40  20  80  3   2   10  91  100 89  21  92  99  11  1  
57  45  56  55  46  54  58  44  43  47  48  65  63  64  35  36  68  34  67  66  74  53  69  62  27  26  25  17  52  24  61  85  84  42  29  76  51  77  37  16  28  18  59  78  49  86  75  7   6   79  33  73  50  8   5   14  38  15  96  23  30  72  41  19  32  71  88  4   95  83  81  87  70  97  94  98  80  93  31  60  90  12  13  82  22  39  40  9   20  3   100 89  2   10  91  92  21  99  11  1  
58  68  57  69  56  45  46  55  48  47  67  54  59  78  44  79  43  65  66  64  35  36  63  77  53  74  34  88  62  49  17  52  37  76  87  70  27  26  25  61  42  84  85  24  90  60  51  16  80  18  38  29  28  50  75  86  7   6   33  97  73  89  98  100 8   14  15  5   96  23  72  41  30  32  19  4   71  95  39  40  81  83  94  99  31  93  82  12  13  22  9   20  3   2   10  91  92  21  11  1  
59  69  68  58  49  60  79  67  50  78  57  70  66  45  55  46  56  48  54  47  77  80  90  44  88  40  39  43  76  87  65  63  89  64  36  100 35  74  34  53  62  17  97  25  52  26  27  37  42  99  85  84  24  98  61  75  16  38  18  86  29  51  28  96  30  6   95  7   33  15  14  73  8   5   41  94  23  72  19  93  71  4   32  81  83  20  31  13  9   12  22  82  3   2   91  10  92  21  11  1  
60  50  59  70  49  69  68  40  58  79  48  47  67  90  80  39  57  78  66  56  55  46  45  77  54  100 30  44  88  87  43  89  65  76  37  64  63  35  36  38  74  34  29  28  18  53  99  62  97  26  17  27  20  25  52  24  98  85  84  61  75  42  86  8   51  16  19  96  7   6   95  33  5   15  14  73  72  23  41  94  93  4   32  71  10  83  81  9   31  12  22  13  82  3   2   91  92  21  11  1  
61  62  64  63  74  53  71  52  51  81  85  84  43  72  65  54  45  56  44  46  55  75  86  57  41  82  34  73  42  91  96  48  47  58  36  92  66  95  35  24  83  76  97  68  31  94  87  33  67  93  88  27  26  25  98  17  69  16  15  14  23  28  5   29  77  32  37  18  78  49  59  4   6   7   21  8   50  38  30  22  79  12  89  13  19  99  3   11  2   70  9   39  20  80  90  40  60  1   100 10 
62  64  63  61  74  53  52  51  65  43  85  84  54  44  55  46  45  72  56  75  86  71  57  81  34  73  41  42  96  36  35  48  58  66  95  47  82  24  83  76  97  68  94  87  67  93  91  88  98  25  17  33  31  27  26  69  92  32  5   77  23  14  15  16  37  18  29  28  78  49  59  4   6   7   21  8   50  38  30  22  79  12  89  13  19  99  3   2   70  11  9   39  20  80  90  40  60  100 10  1  
64  63  74  53  62  52  54  84  85  61  65  43  44  45  46  56  55  51  57  75  86  73  34  96  42  41  72  48  47  58  71  66  35  36  95  24  83  76  81  97  68  94  87  93  88  98  17  25  67  33  27  26  82  31  69  23  32  5   29  28  15  16  37  77  14  18  91  78  49  59  4   6   7   92  8   50  38  30  22  21  79  12  89  13  19  99  3   2   70  9   39  11  20  80  90  40  60  100 10  1  
64  63  74  53  62  52  54  84  85  61  65  43  44  45  46  56  55  51  57  75  86  73  34  96  42  41  72  48  47  58  71  66  35  36  95  24  83  76  81  97  68  94  87  93  88  98  17  25  67  33  27  26  82  31  69  23  32  5   29  28  15  16  37  77  14  18  91  78  49  59  4   6   7   92  8   50  38  30  22  21  79  12  89  13  19  99  3   2   70  9   39  11  20  80  90  40  60  100 10  1  
65  56  45  63  64  46  55  54  53  57  74  62  66  52  44  61  43  75  85  84  58  36  35  51  48  67  47  86  76  34  68  73  25  27  17  26  77  24  96  42  69  72  41  28  37  29  71  18  16  95  81  83  87  94  59  49  97  6   7   33  14  5   8   78  98  88  93  15  82  79  50  38  31  23  30  4   32  19  91  70  92  9   22  12  13  39  21  3   90  40  80  99  20  60  89  2   10  100 11  1  
66  67  76  65  45  56  55  46  54  77  57  68  44  69  58  75  63  43  64  86  36  47  84  48  53  85  74  35  78  62  34  59  52  96  26  25  61  87  17  27  95  79  24  88  51  42  94  28  29  37  97  16  18  93  98  70  6   49  33  73  7   8   83  14  15  5   72  41  71  50  80  38  30  23  90  60  32  19  4   81  89  100 99  31  82  39  22  9   12  13  92  3   91  40  20  2   10  21  11  1  
67  66  77  68  58  69  76  57  78  46  45  55  56  54  65  59  44  79  87  88  48  47  75  43  36  35  86  63  64  34  84  85  74  53  70  62  97  49  98  27  26  25  17  96  52  60  42  24  80  61  95  90  37  16  18  28  29  51  50  94  89  93  100 7   33  6   14  38  15  5   73  8   41  83  23  72  30  4   71  19  99  32  81  39  40  31  9   82  12  13  22  92  20  3   91  2   10  21  11  1  
68  69  58  67  59  78  57  45  56  55  46  66  79  77  48  47  54  44  88  76  43  70  87  65  35  63  49  64  36  90  60  53  34  74  80  62  50  25  27  26  17  97  37  52  61  75  84  85  89  98  100 42  24  86  16  51  28  29  18  38  96  7   33  95  6   73  5   8   15  99  14  40  39  72  41  94  23  30  32  19  93  4   71  81  83  31  12  22  13  9   82  20  3   2   91  10  92  21  11  1  
69  68  59  58  79  67  57  78  66  55  56  45  46  70  47  77  54  49  48  60  80  90  44  88  50  76  65  87  43  64  36  89  63  35  100 53  74  34  62  97  37  25  52  17  27  26  85  24  99  61  42  75  40  39  84  98  16  18  86  38  51  28  29  96  33  6   7   95  5   8   73  14  15  72  94  41  30  23  32  93  4   71  19  81  83  31  13  9   12  22  82  3   20  2   91  10  92  21  11  1  
70  90  80  69  60  68  100 59  58  79  89  67  78  57  50  99  66  46  45  55  56  47  77  54  49  48  44  88  76  43  65  87  40  63  36  35  64  34  74  53  62  98  37  52  27  26  25  97  17  85  61  39  75  24  84  42  16  51  86  18  38  28  29  96  6   7   95  33  30  8   5   15  73  14  94  41  23  72  93  32  71  4   19  81  83  31  13  9   12  22  20  82  3   2   91  10  92  21  11  1  
71  81  72  61  82  73  91  92  62  83  64  63  74  53  93  52  94  51  95  85  54  43  84  65  96  46  45  44  56  55  57  75  86  41  34  97  98  42  35  36  66  58  48  47  24  76  68  87  31  33  67  17  27  25  88  26  69  16  37  32  14  15  28  18  29  5   77  23  99  7   6   21  59  4   49  78  8   79  50  22  30  38  12  13  19  89  100 3   70  11  2   39  9   60  90  40  20  80  1   10 
72  71  81  73  82  83  62  61  63  93  91  64  53  92  94  74  52  95  85  51  84  65  54  96  43  56  46  45  44  55  75  57  86  97  41  98  34  42  36  66  35  58  47  48  76  87  24  68  88  17  33  67  26  27  31  25  69  23  99  77  5   28  29  18  16  15  14  32  37  78  4   7   6   49  59  8   21  79  89  22  30  38  12  50  13  19  100 3   70  2   90  39  11  9   80  60  40  20  10  1  
73  83  72  93  71  94  81  74  95  64  63  96  82  53  62  52  85  84  65  61  54  97  86  43  91  92  98  56  55  51  46  45  75  44  57  87  34  88  41  42  35  48  47  76  36  66  58  24  99  68  67  78  33  17  27  26  25  77  69  31  14  15  28  5   29  18  32  37  23  16  79  89  49  7   6   4   59  8   100 50  12  38  30  22  21  13  19  90  80  3   2   70  39  9   11  40  60  20  10  1  
74  64  63  53  62  85  84  52  54  43  61  65  86  75  55  51  46  44  56  45  57  96  73  95  34  41  42  72  76  58  97  66  83  48  87  35  36  71  94  47  98  88  81  93  24  68  17  33  77  67  25  26  27  69  31  82  18  23  5   37  29  32  14  15  16  78  28  7   6   4   49  91  59  79  89  92  99  8   38  30  22  21  12  50  19  13  3   2   70  100 80  39  9   90  60  40  20  11  10  1  
75  85  84  86  76  74  63  64  53  96  65  62  95  66  77  52  97  54  87  94  43  61  93  83  51  44  55  45  46  98  88  56  57  67  78  73  34  42  41  72  35  58  47  68  71  79  36  48  81  24  99  69  89  17  92  26  27  25  33  31  91  82  59  29  15  23  32  18  37  5   16  28  14  90  80  7   6   4   49  8   100 50  38  30  22  21  12  19  13  70  3   2   60  9   39  11  40  20  10  1  
76  77  66  75  86  84  85  67  78  96  46  45  55  65  56  95  74  64  54  57  63  87  79  68  94  97  88  53  98  58  44  62  69  93  52  43  36  35  61  48  47  83  51  34  59  80  90  26  27  73  17  25  42  89  24  72  100 41  37  29  28  18  16  99  92  71  49  6   7   81  91  33  70  15  8   5   14  82  50  38  30  23  60  19  32  31  4   39  22  13  12  9   3   40  20  21  2   10  11  1  
77  78  67  76  66  79  87  68  88  75  86  69  58  85  57  97  84  55  56  98  46  45  90  65  96  54  59  80  74  95  63  44  64  89  48  43  47  53  100 94  62  93  35  36  34  52  83  99  70  61  49  27  51  25  17  26  24  42  60  73  50  28  37  16  18  29  41  33  7   72  6   15  92  8   14  71  5   38  30  91  23  81  19  32  4   40  82  39  31  9   13  22  12  20  3   2   10  21  11  1  
78  79  88  77  87  68  58  69  76  67  90  97  80  98  59  66  89  86  57  100 96  75  55  84  85  56  95  45  46  54  47  48  94  99  93  74  44  63  64  65  70  43  49  36  83  35  53  34  60  62  52  50  73  17  25  37  26  27  61  51  24  42  18  29  28  38  16  92  91  7   72  6   33  15  8   40  5   14  41  39  71  23  82  30  81  4   19  32  31  13  12  9   22  3   20  2   10  21  11  1  
79  78  69  90  80  88  77  68  59  87  100 58  89  76  67  97  99  98  57  55  46  56  70  45  86  66  54  49  48  47  96  60  75  84  85  95  44  50  94  43  65  74  63  93  35  64  36  34  53  83  62  37  26  17  52  27  25  61  24  39  40  42  29  28  18  73  38  16  51  7   6   33  8   14  15  5   92  91  72  30  41  23  4   32  71  19  81  82  31  12  13  9   22  3   20  2   10  21  11  1  
90  80  100 89  79  70  99  78  69  68  77  88  87  59  58  98  76  97  67  60  57  66  96  45  55  46  86  56  54  47  48  95  49  75  85  84  94  44  50  65  93  43  74  36  35  63  64  34  83  53  62  25  17  27  37  52  26  61  24  40  39  42  73  29  16  51  38  18  28  7   92  6   33  91  8   15  14  5   72  23  41  30  4   71  82  19  32  81  31  12  9   22  13  3   20  2   10  21  11  1  
81  71  72  82  91  92  61  73  62  83  64  63  74  53  93  52  94  51  95  85  54  43  84  65  96  46  45  44  56  55  57  75  86  41  34  97  98  42  35  36  66  58  48  47  24  76  68  87  31  33  67  17  27  25  88  26  69  16  37  32  14  15  28  18  29  5   77  23  99  7   6   21  59  4   49  78  8   79  50  22  30  38  12  13  19  89  100 3   70  11  2   39  9   60  90  40  20  80  1   10 
82  81  72  92  71  91  83  73  93  61  62  94  95  63  64  96  74  53  52  85  65  54  51  43  86  84  97  55  56  98  46  45  44  75  57  87  34  41  88  42  48  47  76  36  35  66  58  24  68  99  17  67  27  78  25  31  26  33  77  69  18  28  29  32  15  16  37  23  14  5   89  79  4   7   59  49  6   8   21  100 50  12  38  30  22  19  13  90  80  3   2   70  39  11  9   40  60  20  10  1  
83  93  94  73  95  96  72  82  97  84  85  86  71  81  98  92  74  75  91  64  63  53  87  62  52  88  43  76  54  65  61  45  46  51  44  55  56  99  57  78  66  77  34  41  42  79  47  48  89  36  35  58  67  24  68  100 27  17  26  25  33  31  69  14  5   15  16  80  90  28  29  32  37  18  23  59  7   6   49  4   8   50  38  30  22  21  12  19  13  3   2   70  39  9   60  11  20  40  10  1  
85  84  75  86  74  63  64  96  53  62  95  76  52  54  65  87  61  94  43  97  55  44  51  56  46  83  45  88  98  93  57  66  77  73  34  78  42  41  72  58  35  47  71  67  48  36  81  24  79  99  68  89  26  25  27  17  92  33  31  82  69  91  16  15  5   14  37  23  28  29  32  18  59  7   6   4   49  80  90  8   100 50  38  30  22  21  12  19  13  3   2   70  39  9   60  11  20  40  10  1  
85  84  75  86  74  63  64  96  53  62  95  76  52  54  65  87  61  94  43  97  55  44  51  56  46  83  45  88  98  93  57  66  77  73  34  78  42  41  72  58  35  47  71  67  48  36  81  24  79  99  68  89  26  25  27  17  92  33  31  82  69  91  16  15  5   14  37  23  28  29  32  18  59  7   6   4   49  80  90  8   100 50  38  30  22  21  12  19  13  3   2   70  39  9   60  11  20  40  10  1  
86  84  85  96  95  75  74  87  94  63  76  97  64  93  53  98  88  62  83  52  54  77  66  65  43  61  55  56  78  44  45  46  51  57  73  67  34  79  99  89  42  41  72  92  35  58  71  47  48  91  36  68  81  24  82  17  33  69  25  26  27  80  90  100 31  5   14  15  28  37  29  18  23  32  16  59  49  7   6   4   8   50  38  30  22  21  12  19  13  3   70  2   9   60  39  20  40  11  10  1  
87  88  97  98  78  86  96  77  85  89  79  84  95  75  94  74  68  76  93  67  64  99  63  53  58  69  83  80  90  66  62  52  65  54  59  61  73  43  46  56  51  57  55  45  100 44  47  48  92  72  91  34  42  41  71  70  35  36  82  49  81  24  60  50  26  33  17  25  27  37  31  16  5   23  18  28  29  32  15  14  38  4   6   7   8   12  39  40  21  22  30  19  13  3   2   9   11  20  10  1  
88  87  78  97  98  79  86  89  96  77  84  95  85  68  94  75  99  74  76  93  58  67  69  80  90  63  64  53  83  66  59  62  100 57  52  56  55  54  65  73  43  61  45  46  51  48  47  44  92  72  34  91  70  42  49  41  36  35  82  71  60  81  50  24  26  17  37  25  27  33  16  18  29  31  38  28  32  23  5   14  15  6   7   4   8   39  40  30  12  19  21  22  13  3   9   2   20  11  10  1  
89  99  90  80  88  87  100 79  98  78  97  69  86  96  70  77  68  84  85  95  59  75  58  94  76  74  93  67  63  64  83  53  62  66  57  56  55  46  52  45  48  47  49  60  43  54  61  65  73  44  51  50  92  36  35  34  72  91  41  42  82  71  81  17  24  26  25  37  27  40  39  16  38  18  33  28  29  31  5   23  32  6   15  14  7   8   4   30  19  12  21  22  13  3   9   2   20  11  10  1  
90  80  100 89  79  70  99  78  69  68  77  88  87  59  58  98  76  97  67  60  57  66  96  45  55  46  86  56  54  47  48  95  49  75  85  84  94  44  50  65  93  43  74  36  35  63  64  34  83  53  62  25  17  27  37  52  26  61  24  40  39  42  73  29  16  51  38  18  28  7   92  6   33  91  8   15  14  5   72  23  41  30  4   71  82  19  32  81  31  12  9   22  13  3   20  2   10  21  11  1  
91  92  82  81  71  72  93  94  83  95  61  73  96  62  86  97  64  63  98  85  74  53  84  52  75  87  51  54  88  43  65  56  55  46  45  44  76  57  99  41  34  78  77  42  66  48  36  35  47  58  79  24  89  31  68  67  17  100 25  33  26  27  69  15  32  14  23  28  5   16  18  37  29  80  90  49  59  6   7   4   21  8   50  38  30  22  12  13  19  3   2   70  11  39  9   60  20  40  1   10 
92  91  82  81  93  71  94  72  83  95  96  73  61  86  97  62  98  84  85  63  64  74  75  87  53  52  88  76  51  65  43  54  55  56  99  46  45  44  57  78  77  66  41  34  89  79  42  36  35  47  48  67  58  24  100 31  68  27  26  17  25  33  80  90  69  18  29  5   14  15  37  28  23  32  16  59  21  7   6   4   49  8   50  38  30  22  12  13  19  3   2   70  11  39  9   60  20  40  1   10 
93  94  83  95  96  73  97  86  98  92  84  72  85  91  75  87  71  82  88  81  74  76  64  63  53  99  62  78  52  43  54  66  61  65  77  55  51  44  46  56  45  57  89  79  67  100 34  41  68  42  58  35  47  48  36  90  69  80  24  17  26  25  27  33  59  31  28  5   14  15  16  32  23  29  18  37  7   6   49  4   8   50  12  38  30  22  21  19  13  70  3   60  2   39  9   11  40  20  10  1  
94  93  95  83  96  97  86  73  98  85  84  92  91  87  72  75  88  74  71  82  76  63  64  53  81  99  62  78  52  43  54  66  61  65  77  55  51  44  46  56  45  57  89  79  67  100 34  41  68  42  58  35  47  48  36  90  69  80  24  17  26  25  27  33  59  31  28  5   14  15  16  32  23  29  18  37  7   6   49  4   8   50  12  38  30  22  21  19  13  70  3   60  2   39  9   11  40  20  10  1  
95  96  94  93  97  86  98  83  85  84  73  87  75  88  74  63  76  64  92  53  62  91  72  99  78  52  54  66  65  71  77  43  61  82  46  51  81  56  44  55  45  57  89  79  67  100 34  41  68  42  58  35  47  48  36  90  69  80  24  17  26  25  27  33  59  31  28  5   14  15  16  32  23  29  18  37  7   6   49  4   8   50  12  38  30  22  21  19  13  70  3   60  2   39  9   11  40  20  10  1  
96  95  94  97  86  98  93  84  85  83  87  75  74  88  76  64  73  63  53  62  99  92  78  52  61  66  54  91  72  77  43  65  51  46  45  56  44  55  57  89  82  71  79  67  81  100 34  41  68  42  58  35  47  48  36  90  69  80  24  17  26  25  27  33  59  31  28  5   14  15  16  32  23  29  18  37  7   6   49  4   8   50  12  38  30  22  21  19  13  70  3   60  2   39  9   11  40  20  10  1  
97  98  96  95  87  88  94  86  93  99  84  85  83  78  75  74  77  73  64  63  89  76  79  53  62  100 92  67  68  52  61  66  54  65  72  91  43  45  56  51  58  46  55  80  44  90  69  57  71  82  81  59  34  42  41  36  48  47  35  24  17  27  26  25  33  70  31  16  5   28  29  14  32  37  49  23  15  18  60  50  7   6   4   8   38  30  22  21  12  19  13  3   39  2   40  9   11  20  10  1  
98  97  96  95  87  88  94  86  99  93  85  84  83  78  89  75  74  77  63  73  76  64  100 79  53  62  52  92  90  68  67  80  65  61  54  91  72  66  43  69  58  55  51  46  56  44  45  57  71  82  81  59  34  42  41  47  36  35  48  24  70  27  26  33  17  25  31  16  23  29  28  32  14  49  18  37  5   15  60  50  7   6   4   8   38  30  22  21  12  19  13  3   39  2   40  9   11  20  10  1  
99  89  100 98  97  80  90  96  88  95  87  79  94  86  93  78  85  84  83  75  69  70  77  74  63  68  64  73  76  59  53  58  62  52  92  67  54  43  72  65  66  91  61  56  44  45  46  55  51  57  82  71  60  81  48  47  34  49  42  41  50  36  35  24  33  25  17  26  27  31  16  23  15  29  14  32  37  5   28  18  39  40  4   7   38  6   8   21  22  30  12  19  13  3   2   9   11  20  10  1  
100 80  90  99  79  89  70  78  98  97  69  68  88  77  87  59  96  58  95  76  86  67  94  93  60  57  85  84  55  56  45  66  46  83  75  54  49  48  47  74  64  73  63  50  44  43  65  53  62  36  35  92  52  34  91  61  72  17  25  37  27  26  51  42  39  24  71  40  82  29  28  81  16  38  18  7   6   41  33  8   15  14  5   23  30  4   19  32  31  22  13  12  9   3   20  2   21  10  11  1  
