100
360
1 2 4
2 1 4
1 11 7
11 1 7
2 3 0
3 2 0
2 12 5
12 2 5
3 4 3
4 3 3
3 13 0
13 3 0
4 5 1
5 4 1
4 14 2
14 4 2
5 6 8
6 5 8
5 15 0
15 5 0
6 7 3
7 6 3
6 16 9
16 6 9
7 8 6
8 7 6
7 17 8
17 7 8
8 9 6
9 8 6
8 18 1
18 8 1
9 10 7
10 9 7
9 19 9
19 9 9
10 20 7
20 10 7
11 12 4
12 11 4
11 21 4
21 11 4
12 13 5
13 12 5
12 22 4
22 12 4
13 14 1
14 13 1
13 23 1
23 13 1
14 15 1
15 14 1
14 24 0
24 14 0
15 16 5
16 15 5
15 25 4
25 15 4
16 17 1
17 16 1
16 26 1
26 16 1
17 18 8
18 17 8
17 27 7
27 17 7
18 19 3
19 18 3
18 28 5
28 18 5
19 20 8
20 19 8
19 29 3
29 19 3
20 30 2
30 20 2
21 22 4
22 21 4
21 31 2
31 21 2
22 23 0
23 22 0
22 32 4
32 22 4
23 24 6
24 23 6
23 33 3
33 23 3
24 25 7
25 24 7
24 34 1
34 24 1
25 26 5
26 25 5
25 35 8
35 25 8
26 27 5
27 26 5
26 36 9
36 26 9
27 28 6
28 27 6
27 37 4
37 27 4
28 29 3
29 28 3
28 38 6
38 28 6
29 30 4
30 29 4
29 39 8
39 29 8
30 40 7
40 30 7
31 32 4
32 31 4
31 41 4
41 31 4
32 33 5
33 32 5
32 42 7
42 32 7
33 34 4
34 33 4
33 43 5
43 33 5
34 35 8
35 34 8
34 44 2
44 34 2
35 36 6
36 35 6
35 45 5
45 35 5
36 37 7
37 36 7
36 46 0
46 36 0
37 38 9
38 37 9
37 47 5
47 37 5
38 39 2
39 38 2
38 48 5
48 38 5
39 40 6
40 39 6
39 49 1
49 39 1
40 50 8
50 40 8
41 42 7
42 41 7
41 51 8
51 41 8
42 43 0
43 42 0
42 52 8
52 42 8
43 44 2
44 43 2
43 53 9
53 43 9
44 45 6
45 44 6
44 54 1
54 44 1
45 46 4
46 45 4
45 55 6
55 45 6
46 47 5
47 46 5
46 56 4
56 46 4
47 48 2
48 47 2
47 57 9
57 47 9
48 49 8
49 48 8
48 58 2
58 48 2
49 50 7
50 49 7
49 59 0
59 49 0
50 60 1
60 50 1
51 52 0
52 51 0
51 61 0
61 51 0
52 53 6
53 52 6
52 62 7
62 52 7
53 54 3
54 53 3
53 63 4
63 53 4
54 55 3
55 54 3
54 64 9
64 54 9
55 56 9
56 55 9
55 65 7
65 55 7
56 57 5
57 56 5
56 66 0
66 56 0
57 58 7
58 57 7
57 67 4
67 57 4
58 59 5
59 58 5
58 68 4
68 58 4
59 60 9
60 59 9
59 69 0
69 59 0
60 70 0
70 60 0
61 62 1
62 61 1
61 71 1
71 61 1
62 63 3
63 62 3
62 72 7
72 62 7
63 64 7
64 63 7
63 73 2
73 63 2
64 65 9
65 64 9
64 74 7
74 64 7
65 66 3
66 65 3
65 75 8
75 65 8
66 67 7
67 66 7
66 76 6
76 66 6
67 68 3
68 67 3
67 77 5
77 67 5
68 69 9
69 68 9
68 78 3
78 68 3
69 70 1
70 69 1
69 79 9
79 69 9
70 80 5
80 70 5
71 72 1
72 71 1
71 81 4
81 71 4
72 73 4
73 72 4
72 82 6
82 72 6
73 74 6
74 73 6
73 83 3
83 73 3
74 75 4
75 74 4
74 84 6
84 74 6
75 76 7
76 75 7
75 85 6
85 75 6
76 77 4
77 76 4
76 86 3
86 76 3
77 78 6
78 77 6
77 87 1
87 77 1
78 79 2
79 78 2
78 88 5
88 78 5
79 80 2
80 79 2
79 89 5
89 79 5
80 90 3
90 80 3
81 82 9
82 81 9
81 91 1
91 81 1
82 83 0
83 82 0
82 92 4
92 82 4
83 84 2
84 83 2
83 93 1
93 83 1
84 85 4
85 84 4
84 94 7
94 84 7
85 86 5
86 85 5
85 95 3
95 85 3
86 87 5
87 86 5
86 96 5
96 86 5
87 88 0
88 87 0
87 97 3
97 87 3
88 89 6
89 88 6
88 98 9
98 88 9
89 90 1
90 89 1
89 99 6
99 89 6
90 100 1
100 90 1
91 92 7
92 91 7
92 93 3
93 92 3
93 94 5
94 93 5
94 95 1
95 94 1
95 96 5
96 95 5
96 97 7
97 96 7
97 98 4
98 97 4
98 99 6
99 98 6
99 100 3
100 99 3
