100
360
1 2 7
2 1 7
1 11 3
11 1 3
2 3 1
3 2 1
2 12 8
12 2 8
3 4 5
4 3 5
3 13 7
13 3 7
4 5 2
5 4 2
4 14 3
14 4 3
5 6 8
6 5 8
5 15 0
15 5 0
6 7 0
7 6 0
6 16 2
16 6 2
7 8 1
8 7 1
7 17 4
17 7 4
8 9 6
9 8 6
8 18 4
18 8 4
9 10 3
10 9 3
9 19 8
19 9 8
10 20 7
20 10 7
11 12 9
12 11 9
11 21 6
21 11 6
12 13 7
13 12 7
12 22 0
22 12 0
13 14 8
14 13 8
13 23 5
23 13 5
14 15 0
15 14 0
14 24 4
24 14 4
15 16 9
16 15 9
15 25 5
25 15 5
16 17 2
17 16 2
16 26 6
26 16 6
17 18 7
18 17 7
17 27 0
27 17 0
18 19 5
19 18 5
18 28 0
28 18 0
19 20 7
20 19 7
19 29 8
29 19 8
20 30 6
30 20 6
21 22 6
22 21 6
21 31 5
31 21 5
22 23 9
23 22 9
22 32 4
32 22 4
23 24 8
24 23 8
23 33 2
33 23 2
24 25 7
25 24 7
24 34 3
34 24 3
25 26 0
26 25 0
25 35 6
35 25 6
26 27 0
27 26 0
26 36 3
36 26 3
27 28 2
28 27 2
27 37 5
37 27 5
28 29 0
29 28 0
28 38 4
38 28 4
29 30 4
30 29 4
29 39 9
39 29 9
30 40 8
40 30 8
31 32 3
32 31 3
31 41 5
41 31 5
32 33 6
33 32 6
32 42 6
42 32 6
33 34 6
34 33 6
33 43 9
43 33 9
34 35 3
35 34 3
34 44 3
44 34 3
35 36 0
36 35 0
35 45 5
45 35 5
36 37 5
37 36 5
36 46 6
46 36 6
37 38 7
38 37 7
37 47 7
47 37 7
38 39 9
39 38 9
38 48 9
48 38 9
39 40 8
40 39 8
39 49 8
49 39 8
40 50 6
50 40 6
41 42 8
42 41 8
41 51 4
51 41 4
42 43 5
43 42 5
42 52 7
52 42 7
43 44 1
44 43 1
43 53 3
53 43 3
44 45 3
45 44 3
44 54 3
54 44 3
45 46 6
46 45 6
45 55 0
55 45 0
46 47 5
47 46 5
46 56 0
56 46 0
47 48 0
48 47 0
47 57 5
57 47 5
48 49 7
49 48 7
48 58 6
58 48 6
49 50 2
50 49 2
49 59 7
59 49 7
50 60 8
60 50 8
51 52 2
52 51 2
51 61 7
61 51 7
52 53 2
53 52 2
52 62 4
62 52 4
53 54 9
54 53 9
53 63 1
63 53 1
54 55 1
55 54 1
54 64 4
64 54 4
55 56 0
56 55 0
55 65 4
65 55 4
56 57 1
57 56 1
56 66 6
66 56 6
57 58 4
58 57 4
57 67 7
67 57 7
58 59 7
59 58 7
58 68 2
68 58 2
59 60 8
60 59 8
59 69 3
69 59 3
60 70 9
70 60 9
61 62 2
62 61 2
61 71 6
71 61 6
62 63 2
63 62 2
62 72 7
72 62 7
63 64 0
64 63 0
63 73 8
73 63 8
64 65 4
65 64 4
64 74 1
74 64 1
65 66 6
66 65 6
65 75 8
75 65 8
66 67 3
67 66 3
66 76 4
76 66 4
67 68 4
68 67 4
67 77 4
77 67 4
68 69 2
69 68 2
68 78 6
78 68 6
69 70 9
70 69 9
69 79 5
79 69 5
70 80 9
80 70 9
71 72 2
72 71 2
71 81 1
81 71 1
72 73 4
73 72 4
72 82 5
82 72 5
73 74 8
74 73 8
73 83 3
83 73 3
74 75 6
75 74 6
74 84 3
84 74 3
75 76 5
76 75 5
75 85 2
85 75 2
76 77 4
77 76 4
76 86 6
86 76 6
77 78 4
78 77 4
77 87 7
87 77 7
78 79 3
79 78 3
78 88 4
88 78 4
79 80 6
80 79 6
79 89 9
89 79 9
80 90 0
90 80 0
81 82 5
82 81 5
81 91 6
91 81 6
82 83 9
83 82 9
82 92 5
92 82 5
83 84 9
84 83 9
83 93 2
93 83 2
84 85 0
85 84 0
84 94 9
94 84 9
85 86 2
86 85 2
85 95 8
95 85 8
86 87 6
87 86 6
86 96 3
96 86 3
87 88 1
88 87 1
87 97 4
97 87 4
88 89 7
89 88 7
88 98 6
98 88 6
89 90 6
90 89 6
89 99 4
99 89 4
90 100 3
100 90 3
91 92 1
92 91 1
92 93 8
93 92 8
93 94 1
94 93 1
94 95 2
95 94 2
95 96 1
96 95 1
96 97 3
97 96 3
97 98 1
98 97 1
98 99 7
99 98 7
99 100 6
100 99 6
