3   7   14  14  16  20  22  22  23  27  29  32  34  34  41  41  42  46  48  51 
0   10  12  13  15  15  15  16  18  22  22  25  27  29  35  36  37  39  41  44 
1   11  12  13  14  15  16  16  19  21  21  24  26  28  34  35  36  38  40  43 
6   7   9   10  16  16  16  18  18  19  21  21  21  23  29  30  31  33  35  38 
5   7   8   8   14  14  16  17  18  19  19  21  22  22  27  28  29  31  33  36 
0   4   5   13  16  16  17  17  19  22  23  25  25  26  26  30  30  31  31  35 
0   4   5   13  16  16  17  17  19  22  23  25  25  26  26  30  30  31  31  35 
1   4   5   14  16  17  17  18  20  23  24  26  26  27  27  30  31  31  32  36 
7   10  11  20  22  23  23  24  26  29  30  32  32  33  33  36  37  37  38  42 
10  13  14  21  23  26  26  27  29  32  33  35  35  35  36  36  40  40  41  45 
0   10  11  11  13  19  23  24  25  26  29  31  33  37  38  38  42  46  48  51 
4   7   7   8   9   10  18  20  20  22  23  24  25  32  33  33  34  37  39  42 
8   11  13  14  14  15  16  16  17  19  20  24  26  27  33  33  34  37  39  42 
5   7   8   8   14  14  16  17  18  19  19  21  22  22  27  28  29  31  33  36 
5   7   8   8   14  14  16  17  18  19  19  21  22  22  27  28  29  31  33  36 
2   2   4   11  14  15  15  16  17  20  21  23  23  24  25  28  28  29  30  33 
0   2   4   9   12  13  13  14  15  18  19  21  21  22  23  26  26  27  28  31 
0   2   5   11  12  13  15  15  17  20  21  23  23  24  25  26  28  28  29  33 
5   7   10  16  17  18  20  20  22  25  26  28  28  29  30  31  33  33  34  38 
10  12  14  15  21  23  25  25  27  28  30  31  33  33  34  35  37  38  39  43 
5   5   6   8   14  14  18  24  25  26  28  28  29  32  32  37  40  41  43  45 
4   7   7   8   9   10  18  20  20  22  23  24  25  32  33  33  34  37  39  42 
8   11  11  13  14  14  14  15  16  18  18  19  21  28  28  28  29  32  34  37 
7   9   10  10  11  12  12  14  15  17  18  18  21  22  23  24  25  27  29  32 
0   2   4   9   12  13  13  14  15  18  19  21  21  22  23  26  26  27  28  31 
0   2   4   9   12  13  13  14  15  18  19  21  21  22  23  26  26  27  28  31 
0   2   4   9   12  13  13  14  15  18  19  21  21  22  23  26  26  27  28  31 
0   2   5   11  12  13  15  15  17  20  21  23  23  24  25  26  28  28  29  33 
0   2   5   11  12  13  15  15  17  20  21  23  23  24  25  26  28  28  29  33 
4   6   8   9   15  17  19  19  21  22  24  25  27  27  28  29  31  32  33  37 
0   0   3   9   11  13  15  19  20  21  23  23  25  27  27  32  35  36  38  40 
0   3   3   6   12  13  14  16  18  20  20  21  22  28  29  29  32  33  35  38 
6   9   9   12  12  12  13  14  15  16  17  19  19  26  26  26  27  30  32  35 
6   7   7   8   9   10  11  12  14  15  15  15  20  20  21  22  24  25  26  29 
3   5   6   7   10  10  12  15  16  16  17  18  18  19  23  23  24  25  26  28 
3   5   6   7   10  10  12  15  16  16  17  18  18  19  23  23  24  25  26  28 
5   7   7   9   11  15  17  18  19  20  21  22  23  23  24  26  28  28  29  31 
4   6   9   9   14  16  19  19  21  24  24  25  26  27  27  28  29  32  33  33 
8   9   11  14  15  18  20  23  24  24  26  27  29  30  32  32  32  34  36  38 
0   12  14  14  15  17  20  23  23  26  27  29  31  32  32  35  35  36  37  39 
5   5   8   8   8   15  15  16  19  20  21  22  22  23  25  28  32  34  34  35 
0   6   8   9   9   10  14  15  15  17  18  19  19  22  23  23  27  29  29  32 
3   5   5   9   10  10  11  12  14  14  14  17  18  18  19  22  24  24  24  27 
4   4   6   8   9   11  11  12  13  15  15  17  18  18  19  21  23  23  25  26 
1   5   6   8   9   10  11  12  14  15  18  18  18  18  19  20  20  21  23  28 
1   5   6   8   9   10  11  12  14  15  18  18  18  18  19  20  20  21  23  28 
0   5   11  12  13  14  15  15  16  16  17  19  20  23  23  23  24  24  25  33 
0   5   11  12  13  14  15  15  16  16  17  19  20  23  23  23  24  24  25  33 
7   8   10  12  15  17  18  19  19  21  22  23  24  27  28  30  30  31  32  40 
6   8   9   14  17  17  18  20  20  23  23  25  26  29  30  32  32  33  33  42 
4   9   9   9   11  11  12  15  17  18  18  19  20  21  24  24  28  30  30  31 
2   7   9   9   11  11  13  13  15  16  16  17  19  22  22  24  26  28  28  29 
0   7   7   8   11  13  13  13  14  14  15  15  17  20  22  24  24  26  26  27 
2   5   6   9   9   10  11  13  15  15  17  18  18  18  19  21  21  21  24  28 
1   5   6   8   9   10  11  12  14  15  18  18  18  18  19  20  20  21  23  28 
1   5   6   8   9   10  11  12  14  15  18  18  18  18  19  20  20  21  23  28 
0   5   7   9   10  11  12  13  13  16  17  19  19  19  19  20  20  22  22  29 
4   6   9   11  13  13  14  15  15  16  17  18  18  20  21  23  23  24  26  33 
8   8   11  12  13  15  17  18  20  21  21  21  22  24  27  30  30  31  33  40 
0   9   14  16  17  19  21  26  26  28  29  29  29  31  35  38  38  39  41  48 
5   10  10  12  13  14  16  16  17  17  19  19  21  23  27  27  27  29  29  30 
3   8   8   11  12  12  15  15  15  15  17  17  19  21  25  25  26  27  27  28 
1   6   6   9   10  13  13  14  14  14  15  15  17  19  23  23  25  25  25  26 
1   6   6   9   10  13  13  14  14  14  15  15  17  19  23  23  25  25  25  26 
5   5   8   9   12  13  14  16  17  18  18  18  18  19  22  24  24  25  27  29 
7   9   11  11  14  14  15  16  17  18  18  20  21  23  24  24  24  26  27  34 
7   11  12  12  14  15  16  16  17  17  18  20  20  23  24  26  26  27  29  36 
6   7   8   11  13  13  15  16  16  16  16  17  19  20  22  25  25  26  28  35 
5   8   9   10  11  14  15  17  18  18  18  18  19  21  24  27  27  28  30  37 
0   9   12  14  17  19  23  24  25  26  27  27  28  30  33  36  36  37  39  46 
6   11  16  16  19  19  20  22  22  23  25  25  27  29  32  33  33  33  35  35 
5   10  15  15  17  18  19  22  22  22  24  24  26  28  30  32  32  33  34  34 
9   9   13  13  14  17  18  21  22  22  23  23  24  25  26  31  31  33  33  33 
2   5   7   10  11  12  14  15  15  15  16  16  18  19  24  24  25  26  26  26 
0   7   11  12  15  16  16  19  20  20  20  21  21  23  24  27  29  29  31  31 
5   11  11  12  13  15  18  19  20  20  22  22  24  24  25  25  25  30  31  36 
7   9   11  12  16  16  16  19  20  21  21  22  24  27  28  28  29  29  33  40 
3   10  12  12  13  14  17  18  19  21  22  23  25  26  27  28  31  31  34  41 
0   9   13  13  14  15  16  16  20  22  23  23  24  26  29  30  32  32  35  42 
3   6   9   16  18  19  21  22  26  28  29  29  30  32  35  35  38  38  41  48 
5   12  17  17  20  20  21  23  23  24  26  26  28  30  33  34  34  34  36  36 
0   15  19  20  20  23  24  27  27  27  29  29  30  31  32  37  37  38  39  39 
9   10  11  12  17  20  21  21  23  24  25  25  26  26  28  34  34  36  36  36 
2   5   9   10  13  14  16  17  18  18  18  19  19  21  22  27  27  29  29  29 
2   5   9   10  13  14  16  17  18  18  18  19  19  21  22  27  27  29  29  29 
4   7   7   12  14  15  16  18  19  20  20  20  21  21  23  28  29  30  31  31 
5   8   10  13  17  17  19  21  22  22  24  25  26  26  27  27  29  31  35  37 
6   7   11  14  16  16  18  21  22  23  23  25  27  27  27  28  29  30  36  38 
9   9   11  15  18  21  22  24  24  29  30  31  32  33  34  34  35  35  43  45 
3   6   9   16  18  19  21  22  26  28  29  29  30  32  35  35  38  38  41  48 
6   17  18  20  23  26  27  28  29  29  30  30  32  32  34  40  40  40  42  42 
5   16  19  19  24  27  27  28  29  30  30  31  33  33  35  41  41  41  43  43 
8   11  11  14  19  19  21  22  23  26  27  27  28  28  30  33  35  36  38  38 
7   10  12  13  18  18  20  21  22  25  26  26  27  27  29  32  34  35  37  37 
5   8   11  14  16  16  18  19  20  23  24  24  25  25  27  30  32  33  35  35 
4   7   10  15  15  15  17  18  19  22  23  23  24  24  26  29  31  32  34  34 
1   10  12  13  14  18  18  21  22  25  26  26  26  27  27  28  29  35  35  37 
0   11  13  13  14  19  19  22  23  25  26  27  27  28  28  29  30  36  36  38 
6   7   13  18  18  21  26  26  27  28  29  33  34  34  35  35  36  37  43  45 
0   9   12  13  21  22  24  24  27  31  32  32  32  33  35  38  40  40  44  51 
