0   7   8   13  15  23  23  24  30  33  3   12  15  15  15  22  20  22  27  32  9   12  20  19  20  20  20  22  22  26  14  16  22  22  23  23  25  26  31  34  19  22  26  25  28  28  32  32  39  40  23  25  27  28  28  28  29  33  40  48  30  29  28  28  32  34  36  35  37  46  36  36  36  29  34  38  40  41  42  48  37  41  39  32  32  34  40  41  48  48  43  44  41  40  38  37  40  41  48  51 
7   0   1   6   8   16  16  17  23  26  10  8   8   8   8   15  13  15  20  25  14  8   13  12  13  13  13  15  15  19  15  12  15  15  16  16  18  19  24  27  20  18  19  18  21  21  25  25  32  33  24  24  22  21  21  21  22  26  33  41  27  25  23  23  25  27  29  28  30  39  33  32  31  24  29  31  33  34  35  41  34  37  34  27  27  29  35  36  43  41  40  41  36  35  33  32  35  36  43  44 
8   1   0   5   7   15  15  16  22  25  11  9   7   7   7   14  12  14  19  24  15  9   12  11  12  12  12  14  14  18  16  13  14  14  15  15  17  18  23  26  21  19  18  17  20  20  24  24  31  32  25  23  21  20  20  20  21  25  32  40  26  24  22  22  24  26  28  27  29  38  32  31  30  23  28  30  32  33  34  40  33  36  33  26  26  28  34  35  42  40  39  40  35  34  32  31  34  35  42  43 
13  6   5   0   2   10  10  11  17  20  16  14  10  2   2   9   7   9   14  19  20  14  14  6   7   7   7   9   9   13  21  18  15  9   10  10  12  13  18  21  24  18  13  12  15  15  19  19  26  27  20  18  16  15  15  15  16  20  27  35  21  19  17  17  19  21  23  22  24  33  27  26  25  18  23  25  27  28  29  35  28  31  28  21  21  23  29  30  37  35  34  35  30  29  27  26  29  30  37  38 
15  8   7   2   0   8   8   9   15  18  18  15  8   0   0   7   5   7   12  17  21  15  12  4   5   5   5   7   7   11  22  19  13  7   8   8   10  11  16  19  22  16  11  10  13  13  17  17  24  25  18  16  14  13  13  13  14  18  25  33  19  17  15  15  17  19  21  20  22  31  25  24  23  16  21  23  25  26  27  33  26  29  26  19  19  21  27  28  35  33  32  33  28  27  25  24  27  28  35  36 
23  16  15  10  8   0   0   1   7   10  26  23  16  8   8   2   4   5   10  15  29  23  18  11  4   4   4   5   5   9   25  22  16  10  7   7   9   9   14  17  25  19  14  13  12  12  16  16  22  23  21  19  17  13  12  12  13  17  24  31  21  19  17  17  16  18  20  19  21  30  27  26  25  18  23  22  24  25  26  32  28  31  28  21  21  23  29  29  35  32  34  35  30  29  27  26  29  30  37  35 
23  16  15  10  8   0   0   1   7   10  26  23  16  8   8   2   4   5   10  15  29  23  18  11  4   4   4   5   5   9   25  22  16  10  7   7   9   9   14  17  25  19  14  13  12  12  16  16  22  23  21  19  17  13  12  12  13  17  24  31  21  19  17  17  16  18  20  19  21  30  27  26  25  18  23  22  24  25  26  32  28  31  28  21  21  23  29  29  35  32  34  35  30  29  27  26  29  30  37  35 
24  17  16  11  9   1   1   0   6   9   27  24  17  9   9   3   5   4   9   14  30  24  19  12  5   5   5   4   4   8   26  23  17  11  8   8   10  8   13  16  26  20  15  14  13  13  17  17  21  22  22  20  18  14  13  13  14  18  25  30  22  20  18  18  17  19  21  20  22  31  28  27  26  19  24  23  25  26  27  33  29  32  29  22  22  24  30  30  36  33  35  36  31  30  28  27  30  31  38  36 
30  23  22  17  15  7   7   6   0   3   33  30  23  15  15  9   11  10  8   10  36  30  25  18  11  11  11  10  10  14  32  29  23  17  14  14  16  14  19  22  32  26  21  20  19  19  23  23  27  28  28  26  24  20  19  19  20  24  31  36  28  26  24  24  23  25  27  26  28  37  34  33  32  25  30  29  31  32  33  39  35  38  35  28  28  30  36  36  42  39  41  42  37  36  34  33  36  37  44  42 
33  26  25  20  18  10  10  9   3   0   36  33  26  18  18  12  14  13  11  7   39  33  28  21  14  14  14  13  13  13  35  32  26  20  17  17  19  17  22  21  35  29  24  23  22  22  26  26  29  27  31  29  27  23  22  22  23  27  34  35  31  29  27  27  26  28  30  29  31  40  37  36  35  28  33  32  34  35  36  42  38  41  38  31  31  33  39  39  45  42  44  45  40  39  37  36  39  40  47  45 
3   10  11  16  18  26  26  27  33  36  0   9   16  18  18  25  23  25  30  35  6   9   18  22  23  23  23  25  25  29  11  13  19  25  26  26  28  29  34  37  16  19  24  25  28  28  33  33  40  42  20  22  24  28  28  28  29  33  40  48  27  26  25  25  29  34  36  35  37  46  33  33  33  26  31  36  40  41  42  48  34  38  36  29  29  31  37  38  45  48  40  41  38  37  35  34  37  38  45  51 
12  8   9   14  15  23  23  24  30  33  9   0   7   15  15  22  20  22  27  32  6   0   9   17  20  20  20  22  22  26  7   4   10  16  19  19  24  26  31  34  12  10  15  16  19  19  24  24  31  33  16  17  18  19  19  19  20  24  31  39  23  21  19  19  23  25  27  26  28  37  29  28  27  20  25  29  31  32  33  39  30  33  30  23  23  25  31  32  39  39  36  37  32  31  29  28  31  32  39  42 
15  8   7   10  8   16  16  17  23  26  16  7   0   8   8   15  13  15  20  25  13  7   5   12  13  13  13  15  15  19  14  11  7   13  16  16  18  19  24  27  19  17  16  16  19  19  24  24  31  33  23  21  19  19  19  19  20  24  31  39  24  22  20  20  23  25  27  26  28  37  30  29  28  21  26  29  31  32  33  39  31  34  31  24  24  26  32  33  40  39  37  38  33  32  30  29  32  33  40  42 
15  8   7   2   0   8   8   9   15  18  18  15  8   0   0   7   5   7   12  17  21  15  12  4   5   5   5   7   7   11  22  19  13  7   8   8   10  11  16  19  22  16  11  10  13  13  17  17  24  25  18  16  14  13  13  13  14  18  25  33  19  17  15  15  17  19  21  20  22  31  25  24  23  16  21  23  25  26  27  33  26  29  26  19  19  21  27  28  35  33  32  33  28  27  25  24  27  28  35  36 
15  8   7   2   0   8   8   9   15  18  18  15  8   0   0   7   5   7   12  17  21  15  12  4   5   5   5   7   7   11  22  19  13  7   8   8   10  11  16  19  22  16  11  10  13  13  17  17  24  25  18  16  14  13  13  13  14  18  25  33  19  17  15  15  17  19  21  20  22  31  25  24  23  16  21  23  25  26  27  33  26  29  26  19  19  21  27  28  35  33  32  33  28  27  25  24  27  28  35  36 
22  15  14  9   7   2   2   3   9   12  25  22  15  7   7   0   2   4   9   14  28  22  16  9   2   2   2   4   4   8   23  20  14  8   5   5   7   8   13  16  23  17  12  11  10  10  14  14  21  22  19  17  15  11  10  10  11  15  22  30  19  17  15  15  14  16  18  17  19  28  25  24  23  16  21  20  22  23  24  30  26  29  26  19  19  21  27  27  33  30  32  33  28  27  25  24  27  28  35  33 
20  13  12  7   5   4   4   5   11  14  23  20  13  5   5   2   0   2   7   12  26  20  14  7   0   0   0   2   2   6   21  18  12  6   3   3   5   6   11  14  21  15  10  9   8   8   12  12  19  20  17  15  13  9   8   8   9   13  20  28  17  15  13  13  12  14  16  15  17  26  23  22  21  14  19  18  20  21  22  28  24  27  24  17  17  19  25  25  31  28  30  31  26  25  23  22  25  26  33  31 
22  15  14  9   7   5   5   4   10  13  25  22  15  7   7   4   2   0   5   10  28  22  16  9   2   2   2   0   0   4   23  20  14  8   5   5   7   4   9   12  23  17  12  11  10  10  13  13  17  18  19  17  15  11  10  10  11  15  22  26  19  17  15  15  14  16  18  17  19  28  25  24  23  16  21  20  22  23  24  30  26  29  26  19  19  21  27  27  33  30  32  33  28  27  25  24  27  28  35  33 
27  20  19  14  12  10  10  9   8   11  30  27  20  12  12  9   7   5   0   7   33  27  21  14  7   7   7   5   5   9   28  25  19  13  10  10  12  9   14  17  28  22  17  16  15  15  18  18  22  23  24  22  20  16  15  15  16  20  27  31  24  22  20  20  19  21  23  22  24  33  30  29  28  21  26  25  27  28  29  35  31  34  31  24  24  26  32  32  38  35  37  38  33  32  30  29  32  33  40  38 
32  25  24  19  17  15  15  14  10  7   35  32  25  17  17  14  12  10  7   0   38  32  26  19  12  12  12  10  10  6   33  30  24  18  15  15  17  14  19  14  33  27  22  21  20  20  23  23  22  20  29  27  25  21  20  20  21  25  29  28  29  27  25  25  24  26  28  27  29  37  35  34  33  26  31  30  32  33  34  40  36  39  36  29  29  31  37  37  43  40  42  43  38  37  35  34  37  38  45  43 
9   14  15  20  21  29  29  30  36  39  6   6   13  21  21  28  26  28  33  38  0   6   15  23  26  26  26  28  28  32  5   8   14  20  23  23  28  32  37  40  10  14  19  20  23  23  28  28  35  37  14  16  18  23  23  23  24  28  35  43  21  20  19  19  23  29  31  30  32  41  27  27  27  20  25  30  34  36  37  43  28  32  30  23  23  25  31  32  39  43  34  35  32  31  29  28  31  32  39  45 
12  8   9   14  15  23  23  24  30  33  9   0   7   15  15  22  20  22  27  32  6   0   9   17  20  20  20  22  22  26  7   4   10  16  19  19  24  26  31  34  12  10  15  16  19  19  24  24  31  33  16  17  18  19  19  19  20  24  31  39  23  21  19  19  23  25  27  26  28  37  29  28  27  20  25  29  31  32  33  39  30  33  30  23  23  25  31  32  39  39  36  37  32  31  29  28  31  32  39  42 
20  13  12  14  12  18  18  19  25  28  18  9   5   12  12  16  14  16  21  26  15  9   0   8   14  14  14  16  16  20  11  8   2   8   11  11  16  20  25  28  16  14  11  11  14  14  19  19  26  28  18  16  14  14  14  14  15  19  26  34  19  17  15  15  18  20  22  21  23  32  25  24  23  16  21  24  26  27  28  34  26  29  26  19  19  21  27  28  35  34  32  33  28  27  25  24  27  28  35  37 
19  12  11  6   4   11  11  12  18  21  22  17  12  4   4   9   7   9   14  19  23  17  8   0   7   7   7   9   9   13  18  15  9   3   6   6   11  13  18  21  18  12  7   6   9   9   14  14  21  23  14  12  10  9   9   9   10  14  21  29  15  13  11  11  13  15  17  16  18  27  21  20  19  12  17  19  21  22  23  29  22  25  22  15  15  17  23  24  31  29  28  29  24  23  21  20  23  24  31  32 
20  13  12  7   5   4   4   5   11  14  23  20  13  5   5   2   0   2   7   12  26  20  14  7   0   0   0   2   2   6   21  18  12  6   3   3   5   6   11  14  21  15  10  9   8   8   12  12  19  20  17  15  13  9   8   8   9   13  20  28  17  15  13  13  12  14  16  15  17  26  23  22  21  14  19  18  20  21  22  28  24  27  24  17  17  19  25  25  31  28  30  31  26  25  23  22  25  26  33  31 
20  13  12  7   5   4   4   5   11  14  23  20  13  5   5   2   0   2   7   12  26  20  14  7   0   0   0   2   2   6   21  18  12  6   3   3   5   6   11  14  21  15  10  9   8   8   12  12  19  20  17  15  13  9   8   8   9   13  20  28  17  15  13  13  12  14  16  15  17  26  23  22  21  14  19  18  20  21  22  28  24  27  24  17  17  19  25  25  31  28  30  31  26  25  23  22  25  26  33  31 
20  13  12  7   5   4   4   5   11  14  23  20  13  5   5   2   0   2   7   12  26  20  14  7   0   0   0   2   2   6   21  18  12  6   3   3   5   6   11  14  21  15  10  9   8   8   12  12  19  20  17  15  13  9   8   8   9   13  20  28  17  15  13  13  12  14  16  15  17  26  23  22  21  14  19  18  20  21  22  28  24  27  24  17  17  19  25  25  31  28  30  31  26  25  23  22  25  26  33  31 
22  15  14  9   7   5   5   4   10  13  25  22  15  7   7   4   2   0   5   10  28  22  16  9   2   2   2   0   0   4   23  20  14  8   5   5   7   4   9   12  23  17  12  11  10  10  13  13  17  18  19  17  15  11  10  10  11  15  22  26  19  17  15  15  14  16  18  17  19  28  25  24  23  16  21  20  22  23  24  30  26  29  26  19  19  21  27  27  33  30  32  33  28  27  25  24  27  28  35  33 
22  15  14  9   7   5   5   4   10  13  25  22  15  7   7   4   2   0   5   10  28  22  16  9   2   2   2   0   0   4   23  20  14  8   5   5   7   4   9   12  23  17  12  11  10  10  13  13  17  18  19  17  15  11  10  10  11  15  22  26  19  17  15  15  14  16  18  17  19  28  25  24  23  16  21  20  22  23  24  30  26  29  26  19  19  21  27  27  33  30  32  33  28  27  25  24  27  28  35  33 
26  19  18  13  11  9   9   8   14  13  29  26  19  11  11  8   6   4   9   6   32  26  20  13  6   6   6   4   4   0   27  24  18  12  9   9   11  8   13  8   27  21  16  15  14  14  17  17  16  14  23  21  19  15  14  14  15  19  23  22  23  21  19  19  18  20  22  21  23  31  29  28  27  20  25  24  26  27  28  34  30  33  30  23  23  25  31  31  37  34  36  37  32  31  29  28  31  32  39  37 
14  15  16  21  22  25  25  26  32  35  11  7   14  22  22  23  21  23  28  33  5   7   11  18  21  21  21  23  23  27  0   3   9   15  18  18  23  27  32  35  5   9   14  15  18  18  23  23  30  32  9   11  13  18  18  18  19  23  30  38  16  15  14  14  18  24  26  25  27  36  22  22  22  15  20  25  29  31  32  38  23  27  25  18  18  20  26  27  34  38  29  30  27  26  24  23  26  27  34  40 
16  12  13  18  19  22  22  23  29  32  13  4   11  19  19  20  18  20  25  30  8   4   8   15  18  18  18  20  20  24  3   0   6   12  15  15  20  24  29  32  8   6   11  12  15  15  20  20  27  29  12  13  14  15  15  15  16  20  27  35  19  17  15  15  19  21  23  22  24  33  25  24  23  16  21  25  27  28  29  35  26  29  26  19  19  21  27  28  35  35  32  33  28  27  25  24  27  28  35  38 
22  15  14  15  13  16  16  17  23  26  19  10  7   13  13  14  12  14  19  24  14  10  2   9   12  12  12  14  14  18  9   6   0   6   9   9   14  18  23  26  14  12  9   9   12  12  17  17  24  26  16  14  12  12  12  12  13  17  24  32  17  15  13  13  16  18  20  19  21  30  23  22  21  14  19  22  24  25  26  32  24  27  24  17  17  19  25  26  33  32  30  31  26  25  23  22  25  26  33  35 
22  15  14  9   7   10  10  11  17  20  25  16  13  7   7   8   6   8   13  18  20  16  8   3   6   6   6   8   8   12  15  12  6   0   3   3   8   12  17  20  15  9   4   3   6   6   11  11  18  20  11  9   7   6   6   6   7   11  18  26  12  10  8   8   10  12  14  13  15  24  18  17  16  9   14  16  18  19  20  26  19  22  19  12  12  14  20  21  28  26  25  26  21  20  18  17  20  21  28  29 
23  16  15  10  8   7   7   8   14  17  26  19  16  8   8   5   3   5   10  15  23  19  11  6   3   3   3   5   5   9   18  15  9   3   0   0   5   9   14  17  18  12  7   6   5   5   10  10  17  19  14  12  10  6   5   5   6   10  17  25  14  12  10  10  9   11  13  12  14  23  20  19  18  11  16  15  17  18  19  25  21  24  21  14  14  16  22  22  28  25  27  28  23  22  20  19  22  23  30  28 
23  16  15  10  8   7   7   8   14  17  26  19  16  8   8   5   3   5   10  15  23  19  11  6   3   3   3   5   5   9   18  15  9   3   0   0   5   9   14  17  18  12  7   6   5   5   10  10  17  19  14  12  10  6   5   5   6   10  17  25  14  12  10  10  9   11  13  12  14  23  20  19  18  11  16  15  17  18  19  25  21  24  21  14  14  16  22  22  28  25  27  28  23  22  20  19  22  23  30  28 
25  18  17  12  10  9   9   10  16  19  28  24  18  10  10  7   5   7   12  17  28  24  16  11  5   5   5   7   7   11  23  20  14  8   5   5   0   7   16  19  23  17  12  11  10  10  7   7   14  16  19  17  15  11  10  10  11  13  20  24  19  17  15  15  14  16  18  15  17  26  25  24  23  16  21  20  22  21  22  28  26  29  26  19  19  21  26  25  31  28  32  33  28  27  25  24  27  28  35  31 
26  19  18  13  11  9   9   8   14  17  29  26  19  11  11  8   6   4   9   14  32  26  20  13  6   6   6   4   4   8   27  24  18  12  9   9   7   0   9   16  27  21  16  15  14  14  9   9   16  18  23  21  19  15  14  14  14  15  22  26  23  21  19  19  18  20  21  17  19  28  29  28  27  20  25  24  25  23  24  30  30  33  30  23  23  25  28  27  33  30  36  37  32  31  29  28  31  32  37  33 
31  24  23  18  16  14  14  13  19  22  34  31  24  16  16  13  11  9   14  19  37  31  25  18  11  11  11  9   9   13  32  29  23  17  14  14  16  9   0   8   32  26  21  20  19  19  15  15  8   10  28  26  24  20  19  19  20  21  15  18  28  26  24  24  23  25  24  20  18  27  34  33  32  25  30  29  28  26  23  29  35  38  35  28  28  30  31  30  32  29  41  42  37  36  34  33  35  36  36  32 
34  27  26  21  19  17  17  16  22  21  37  34  27  19  19  16  14  12  17  14  40  34  28  21  14  14  14  12  12  8   35  32  26  20  17  17  19  16  8   0   34  29  24  23  20  20  15  15  8   6   30  28  26  21  20  20  20  21  15  14  29  27  25  25  24  26  24  20  18  23  35  34  33  26  31  30  28  26  23  29  36  39  36  29  29  31  31  30  32  29  42  43  38  37  35  34  35  36  36  32 
19  20  21  24  22  25  25  26  32  35  16  12  19  22  22  23  21  23  28  33  10  12  16  18  21  21  21  23  23  27  5   8   14  15  18  18  23  27  32  34  0   8   11  12  14  14  19  19  26  28  4   6   8   13  14  14  15  19  26  34  11  10  9   9   13  19  22  21  23  32  17  17  17  10  15  20  24  26  28  34  18  22  20  13  13  15  21  22  29  34  24  25  22  21  19  18  21  22  29  35 
22  18  19  18  16  19  19  20  26  29  19  10  17  16  16  17  15  17  22  27  14  10  14  12  15  15  15  17  17  21  9   6   12  9   12  12  17  21  26  29  8   0   5   6   9   9   14  14  21  23  9   7   8   9   9   9   10  14  21  29  13  11  9   9   13  15  17  16  18  27  19  18  17  10  15  19  21  22  23  29  20  23  20  13  13  15  21  22  29  29  26  27  22  21  19  18  21  22  29  32 
26  19  18  13  11  14  14  15  21  24  24  15  16  11  11  12  10  12  17  22  19  15  11  7   10  10  10  12  12  16  14  11  9   4   7   7   12  16  21  24  11  5   0   1   4   4   9   9   16  18  7   5   3   4   4   4   5   9   16  24  8   6   4   4   8   10  12  11  13  22  14  13  12  5   10  14  16  17  18  24  15  18  15  8   8   10  16  17  24  24  21  22  17  16  14  13  16  17  24  27 
25  18  17  12  10  13  13  14  20  23  25  16  16  10  10  11  9   11  16  21  20  16  11  6   9   9   9   11  11  15  15  12  9   3   6   6   11  15  20  23  12  6   1   0   3   3   8   8   15  17  8   6   4   3   3   3   4   8   15  23  9   7   5   5   7   9   11  10  12  21  15  14  13  6   11  13  15  16  17  23  16  19  16  9   9   11  17  18  25  23  22  23  18  17  15  14  17  18  25  26 
28  21  20  15  13  12  12  13  19  22  28  19  19  13  13  10  8   10  15  20  23  19  14  9   8   8   8   10  10  14  18  15  12  6   5   5   10  14  19  20  14  9   4   3   0   0   5   5   12  14  10  8   6   1   0   0   1   5   12  20  9   7   5   5   4   6   8   7   9   18  15  14  13  6   11  10  12  13  14  20  16  19  16  9   9   11  17  17  23  20  22  23  18  17  15  14  17  18  25  23 
28  21  20  15  13  12  12  13  19  22  28  19  19  13  13  10  8   10  15  20  23  19  14  9   8   8   8   10  10  14  18  15  12  6   5   5   10  14  19  20  14  9   4   3   0   0   5   5   12  14  10  8   6   1   0   0   1   5   12  20  9   7   5   5   4   6   8   7   9   18  15  14  13  6   11  10  12  13  14  20  16  19  16  9   9   11  17  17  23  20  22  23  18  17  15  14  17  18  25  23 
32  25  24  19  17  16  16  17  23  26  33  24  24  17  17  14  12  13  18  23  28  24  19  14  12  12  12  13  13  17  23  20  17  11  10  10  7   9   15  15  19  14  9   8   5   5   0   0   7   9   15  13  11  6   5   5   5   6   13  17  14  12  10  10  9   11  12  8   10  19  20  19  18  11  16  15  16  14  15  21  21  24  21  14  14  16  19  18  24  21  27  28  23  22  20  19  22  23  28  24 
32  25  24  19  17  16  16  17  23  26  33  24  24  17  17  14  12  13  18  23  28  24  19  14  12  12  12  13  13  17  23  20  17  11  10  10  7   9   15  15  19  14  9   8   5   5   0   0   7   9   15  13  11  6   5   5   5   6   13  17  14  12  10  10  9   11  12  8   10  19  20  19  18  11  16  15  16  14  15  21  21  24  21  14  14  16  19  18  24  21  27  28  23  22  20  19  22  23  28  24 
39  32  31  26  24  22  22  21  27  29  40  31  31  24  24  21  19  17  22  22  35  31  26  21  19  19  19  17  17  16  30  27  24  18  17  17  14  16  8   8   26  21  16  15  12  12  7   7   0   2   22  20  18  13  12  12  12  13  7   10  21  19  17  17  16  18  16  12  10  19  27  26  25  18  23  22  20  18  15  21  28  31  28  21  21  23  23  22  24  21  34  35  30  29  27  26  27  28  28  24 
40  33  32  27  25  23  23  22  28  27  42  33  33  25  25  22  20  18  23  20  37  33  28  23  20  20  20  18  18  14  32  29  26  20  19  19  16  18  10  6   28  23  18  17  14  14  9   9   2   0   24  22  20  15  14  14  14  15  9   8   23  21  19  19  18  20  18  14  12  17  29  28  27  20  25  24  22  20  17  23  30  33  30  23  23  25  25  24  26  23  36  37  32  31  29  28  29  30  30  26 
23  24  25  20  18  21  21  22  28  31  20  16  23  18  18  19  17  19  24  29  14  16  18  14  17  17  17  19  19  23  9   12  16  11  14  14  19  23  28  30  4   9   7   8   10  10  15  15  22  24  0   2   4   9   10  10  11  15  22  30  7   6   5   5   9   15  18  17  19  28  13  13  13  6   11  16  20  22  24  30  14  18  16  9   9   11  17  18  25  30  20  21  18  17  15  14  17  18  25  31 
25  24  23  18  16  19  19  20  26  29  22  17  21  16  16  17  15  17  22  27  16  17  16  12  15  15  15  17  17  21  11  13  14  9   12  12  17  21  26  28  6   7   5   6   8   8   13  13  20  22  2   0   2   7   8   8   9   13  20  28  6   4   3   3   7   13  16  15  17  26  12  11  11  4   9   14  18  20  22  28  13  16  14  7   7   9   15  16  23  28  19  20  16  15  13  12  15  16  23  29 
27  22  21  16  14  17  17  18  24  27  24  18  19  14  14  15  13  15  20  25  18  18  14  10  13  13  13  15  15  19  13  14  12  7   10  10  15  19  24  26  8   8   3   4   6   6   11  11  18  20  4   2   0   5   6   6   7   11  18  26  5   3   1   1   5   11  14  13  15  24  11  10  9   2   7   12  16  18  20  26  12  15  12  5   5   7   13  14  21  26  18  19  14  13  11  10  13  14  21  27 
28  21  20  15  13  13  13  14  20  23  28  19  19  13  13  11  9   11  16  21  23  19  14  9   9   9   9   11  11  15  18  15  12  6   6   6   11  15  20  21  13  9   4   3   1   1   6   6   13  15  9   7   5   0   1   1   2   6   13  21  8   6   4   4   5   7   9   8   10  19  14  13  12  5   10  11  13  14  15  21  15  18  15  8   8   10  16  17  24  21  21  22  17  16  14  13  16  17  24  24 
28  21  20  15  13  12  12  13  19  22  28  19  19  13  13  10  8   10  15  20  23  19  14  9   8   8   8   10  10  14  18  15  12  6   5   5   10  14  19  20  14  9   4   3   0   0   5   5   12  14  10  8   6   1   0   0   1   5   12  20  9   7   5   5   4   6   8   7   9   18  15  14  13  6   11  10  12  13  14  20  16  19  16  9   9   11  17  17  23  20  22  23  18  17  15  14  17  18  25  23 
28  21  20  15  13  12  12  13  19  22  28  19  19  13  13  10  8   10  15  20  23  19  14  9   8   8   8   10  10  14  18  15  12  6   5   5   10  14  19  20  14  9   4   3   0   0   5   5   12  14  10  8   6   1   0   0   1   5   12  20  9   7   5   5   4   6   8   7   9   18  15  14  13  6   11  10  12  13  14  20  16  19  16  9   9   11  17  17  23  20  22  23  18  17  15  14  17  18  25  23 
29  22  21  16  14  13  13  14  20  23  29  20  20  14  14  11  9   11  16  21  24  20  15  10  9   9   9   11  11  15  19  16  13  7   6   6   11  14  20  20  15  10  5   4   1   1   5   5   12  14  11  9   7   2   1   1   0   4   11  19  10  8   6   6   5   7   7   6   8   17  16  15  14  7   12  11  11  12  13  19  17  20  17  10  10  12  17  16  22  19  23  24  19  18  16  15  18  19  26  22 
33  26  25  20  18  17  17  18  24  27  33  24  24  18  18  15  13  15  20  25  28  24  19  14  13  13  13  15  15  19  23  20  17  11  10  10  13  15  21  21  19  14  9   8   5   5   6   6   13  15  15  13  11  6   5   5   4   0   7   15  14  12  10  10  9   9   6   2   4   13  20  19  18  11  16  13  10  8   9   15  21  24  21  14  14  16  13  12  18  15  27  28  23  22  20  19  17  18  22  18 
40  33  32  27  25  24  24  25  31  34  40  31  31  25  25  22  20  22  27  29  35  31  26  21  20  20  20  22  22  23  30  27  24  18  17  17  20  22  15  15  26  21  16  15  12  12  13  13  7   9   22  20  18  13  12  12  11  7   0   8   21  19  17  17  16  12  9   5   3   12  27  26  25  18  21  16  13  11  8   14  28  31  28  21  21  22  16  15  17  14  34  35  27  26  24  23  20  21  21  17 
48  41  40  35  33  31  31  30  36  35  48  39  39  33  33  30  28  26  31  28  43  39  34  29  28  28  28  26  26  22  38  35  32  26  25  25  24  26  18  14  34  29  24  23  20  20  17  17  10  8   30  28  26  21  20  20  19  15  8   0   29  27  25  25  24  20  17  13  11  9   35  34  33  26  29  24  21  19  16  18  36  39  36  29  29  30  24  23  24  18  42  43  35  34  32  31  28  29  27  21 
30  27  26  21  19  21  21  22  28  31  27  23  24  19  19  19  17  19  24  29  21  23  19  15  17  17  17  19  19  23  16  19  17  12  14  14  19  23  28  29  11  13  8   9   9   9   14  14  21  23  7   6   5   8   9   9   10  14  21  29  0   2   4   4   8   14  17  16  18  27  6   8   12  5   10  15  19  21  23  29  7   12  15  8   8   10  16  17  24  29  13  14  17  16  14  13  16  17  24  30 
29  25  24  19  17  19  19  20  26  29  26  21  22  17  17  17  15  17  22  27  20  21  17  13  15  15  15  17  17  21  15  17  15  10  12  12  17  21  26  27  10  11  6   7   7   7   12  12  19  21  6   4   3   6   7   7   8   12  19  27  2   0   2   2   6   12  15  14  16  25  8   7   10  3   8   13  17  19  21  27  9   12  13  6   6   8   14  15  22  27  15  16  15  14  12  11  14  15  22  28 
28  23  22  17  15  17  17  18  24  27  25  19  20  15  15  15  13  15  20  25  19  19  15  11  13  13  13  15  15  19  14  15  13  8   10  10  15  19  24  25  9   9   4   5   5   5   10  10  17  19  5   3   1   4   5   5   6   10  17  25  4   2   0   0   4   10  13  12  14  23  10  9   8   1   6   11  15  17  19  25  11  14  11  4   4   6   12  13  20  25  17  18  13  12  10  9   12  13  20  26 
28  23  22  17  15  17  17  18  24  27  25  19  20  15  15  15  13  15  20  25  19  19  15  11  13  13  13  15  15  19  14  15  13  8   10  10  15  19  24  25  9   9   4   5   5   5   10  10  17  19  5   3   1   4   5   5   6   10  17  25  4   2   0   0   4   10  13  12  14  23  10  9   8   1   6   11  15  17  19  25  11  14  11  4   4   6   12  13  20  25  17  18  13  12  10  9   12  13  20  26 
32  25  24  19  17  16  16  17  23  26  29  23  23  17  17  14  12  14  19  24  23  23  18  13  12  12  12  14  14  18  18  19  16  10  9   9   14  18  23  24  13  13  8   7   4   4   9   9   16  18  9   7   5   5   4   4   5   9   16  24  8   6   4   4   0   6   9   11  13  22  14  13  12  5   8   10  13  17  18  24  15  18  15  8   8   10  16  17  24  24  21  22  17  16  14  13  16  17  24  27 
34  27  26  21  19  18  18  19  25  28  34  25  25  19  19  16  14  16  21  26  29  25  20  15  14  14  14  16  16  20  24  21  18  12  11  11  16  20  25  26  19  15  10  9   6   6   11  11  18  20  15  13  11  7   6   6   7   9   12  20  14  12  10  10  6   0   3   7   9   18  20  19  18  11  9   4   7   11  14  20  21  24  19  11  11  10  14  15  22  20  26  25  17  16  14  13  16  17  24  23 
36  29  28  23  21  20  20  21  27  30  36  27  27  21  21  18  16  18  23  28  31  27  22  17  16  16  16  18  18  22  26  23  20  14  13  13  18  21  24  24  22  17  12  11  8   8   12  12  16  18  18  16  14  9   8   8   7   6   9   17  17  15  13  13  9   3   0   4   6   15  23  22  21  14  12  7   4   8   11  17  24  27  22  14  14  13  11  12  19  17  29  28  20  19  17  16  15  16  23  20 
35  28  27  22  20  19  19  20  26  29  35  26  26  20  20  17  15  17  22  27  30  26  21  16  15  15  15  17  17  21  25  22  19  13  12  12  15  17  20  20  21  16  11  10  7   7   8   8   12  14  17  15  13  8   7   7   6   2   5   13  16  14  12  12  11  7   4   0   2   11  22  21  20  13  16  11  8   6   7   13  23  26  23  16  16  17  11  10  16  13  29  30  22  21  19  18  15  16  20  16 
37  30  29  24  22  21  21  22  28  31  37  28  28  22  22  19  17  19  24  29  32  28  23  18  17  17  17  19  19  23  27  24  21  15  14  14  17  19  18  18  23  18  13  12  9   9   10  10  10  12  19  17  15  10  9   9   8   4   3   11  18  16  14  14  13  9   6   2   0   9   24  23  22  15  18  13  10  8   5   11  25  28  25  18  18  19  13  12  14  11  31  32  24  23  21  20  17  18  18  14 
46  39  38  33  31  30  30  31  37  40  46  37  37  31  31  28  26  28  33  37  41  37  32  27  26  26  26  28  28  31  36  33  30  24  23  23  26  28  27  23  32  27  22  21  18  18  19  19  19  17  28  26  24  19  18  18  17  13  12  9   27  25  23  23  22  18  15  11  9   0   33  32  31  24  27  22  19  17  14  9   34  37  34  27  27  28  22  21  15  9   40  41  33  32  30  29  26  25  18  12 
36  33  32  27  25  27  27  28  34  37  33  29  30  25  25  25  23  25  30  35  27  29  25  21  23  23  23  25  25  29  22  25  23  18  20  20  25  29  34  35  17  19  14  15  15  15  20  20  27  29  13  12  11  14  15  15  16  20  27  35  6   8   10  10  14  20  23  22  24  33  0   2   6   11  16  21  25  27  29  35  1   6   9   14  14  16  22  23  30  35  7   8   11  12  14  15  18  19  26  32 
36  32  31  26  24  26  26  27  33  36  33  28  29  24  24  24  22  24  29  34  27  28  24  20  22  22  22  24  24  28  22  24  22  17  19  19  24  28  33  34  17  18  13  14  14  14  19  19  26  28  13  11  10  13  14  14  15  19  26  34  8   7   9   9   13  19  22  21  23  32  2   0   4   10  15  20  24  25  28  33  3   5   7   13  13  15  20  21  28  33  9   10  9   10  12  13  16  17  24  30 
36  31  30  25  23  25  25  26  32  35  33  27  28  23  23  23  21  23  28  33  27  27  23  19  21  21  21  23  23  27  22  23  21  16  18  18  23  27  32  33  17  17  12  13  13  13  18  18  25  27  13  11  9   12  13  13  14  18  25  33  12  10  8   8   12  18  21  20  22  31  6   4   0   8   13  18  22  21  24  29  7   9   3   11  11  12  16  17  24  29  13  13  5   6   8   9   12  13  20  26 
29  24  23  18  16  18  18  19  25  28  26  20  21  16  16  16  14  16  21  26  20  20  16  12  14  14  14  16  16  20  15  16  14  9   11  11  16  20  25  26  10  10  5   6   6   6   11  11  18  20  6   4   2   5   6   6   7   11  18  26  5   3   1   1   5   11  14  13  15  24  11  10  8   0   5   10  14  16  19  25  12  15  11  3   3   5   11  12  19  25  18  19  12  11  9   8   11  12  19  25 
34  29  28  23  21  23  23  24  30  33  31  25  26  21  21  21  19  21  26  31  25  25  21  17  19  19  19  21  21  25  20  21  19  14  16  16  21  25  30  31  15  15  10  11  11  11  16  16  23  25  11  9   7   10  11  11  12  16  21  29  10  8   6   6   8   9   12  16  18  27  16  15  13  5   0   5   9   13  16  22  17  20  11  2   2   4   10  11  18  22  20  19  11  10  8   7   10  11  18  24 
38  31  30  25  23  22  22  23  29  32  36  29  29  23  23  20  18  20  25  30  30  29  24  19  18  18  18  20  20  24  25  25  22  16  15  15  20  24  29  30  20  19  14  13  10  10  15  15  22  24  16  14  12  11  10  10  11  13  16  24  15  13  11  11  10  4   7   11  13  22  21  20  18  10  5   0   4   8   11  17  22  24  15  7   7   6   11  12  19  17  22  21  13  12  10  9   12  13  20  20 
40  33  32  27  25  24  24  25  31  34  40  31  31  25  25  22  20  22  27  32  34  31  26  21  20  20  20  22  22  26  29  27  24  18  17  17  22  25  28  28  24  21  16  15  12  12  16  16  20  22  20  18  16  13  12  12  11  10  13  21  19  17  15  15  13  7   4   8   10  19  25  24  22  14  9   4   0   4   7   13  26  28  19  11  11  10  7   8   15  13  26  25  17  16  14  13  11  12  19  16 
41  34  33  28  26  25  25  26  32  35  41  32  32  26  26  23  21  23  28  33  36  32  27  22  21  21  21  23  23  27  31  28  25  19  18  18  21  23  26  26  26  22  17  16  13  13  14  14  18  20  22  20  18  14  13  13  12  8   11  19  21  19  17  17  17  11  8   6   8   17  27  25  21  16  13  8   4   0   3   9   28  27  18  13  13  11  5   4   11  9   25  24  16  15  13  12  9   10  15  12 
42  35  34  29  27  26  26  27  33  36  42  33  33  27  27  24  22  24  29  34  37  33  28  23  22  22  22  24  24  28  32  29  26  20  19  19  22  24  23  23  28  23  18  17  14  14  15  15  15  17  24  22  20  15  14  14  13  9   8   16  23  21  19  19  18  14  11  7   5   14  29  28  24  19  16  11  7   3   0   6   30  30  21  16  16  14  8   7   9   6   28  27  19  18  16  15  12  13  13  9  
48  41  40  35  33  32  32  33  39  42  48  39  39  33  33  30  28  30  35  40  43  39  34  29  28  28  28  30  30  34  38  35  32  26  25  25  28  30  29  29  34  29  24  23  20  20  21  21  21  23  30  28  26  21  20  20  19  15  14  18  29  27  25  25  24  20  17  13  11  9   35  33  29  25  22  17  13  9   6   0   36  35  26  22  22  20  14  13  6   0   33  32  24  23  21  20  17  16  9   3  
37  34  33  28  26  28  28  29  35  38  34  30  31  26  26  26  24  26  31  36  28  30  26  22  24  24  24  26  26  30  23  26  24  19  21  21  26  30  35  36  18  20  15  16  16  16  21  21  28  30  14  13  12  15  16  16  17  21  28  36  7   9   11  11  15  21  24  23  25  34  1   3   7   12  17  22  26  28  30  36  0   5   10  15  15  17  23  24  31  36  6   7   12  13  15  16  19  20  27  33 
41  37  36  31  29  31  31  32  38  41  38  33  34  29  29  29  27  29  34  39  32  33  29  25  27  27  27  29  29  33  27  29  27  22  24  24  29  33  38  39  22  23  18  19  19  19  24  24  31  33  18  16  15  18  19  19  20  24  31  39  12  12  14  14  18  24  27  26  28  37  6   5   9   15  20  24  28  27  30  35  5   0   9   18  18  18  22  23  30  35  6   5   11  12  14  15  18  19  26  32 
39  34  33  28  26  28  28  29  35  38  36  30  31  26  26  26  24  26  31  36  30  30  26  22  24  24  24  26  26  30  25  26  24  19  21  21  26  30  35  36  20  20  15  16  16  16  21  21  28  30  16  14  12  15  16  16  17  21  28  36  15  13  11  11  15  19  22  23  25  34  9   7   3   11  11  15  19  18  21  26  10  9   0   9   9   9   13  14  21  26  11  10  2   3   5   6   9   10  17  23 
32  27  26  21  19  21  21  22  28  31  29  23  24  19  19  19  17  19  24  29  23  23  19  15  17  17  17  19  19  23  18  19  17  12  14  14  19  23  28  29  13  13  8   9   9   9   14  14  21  23  9   7   5   8   9   9   10  14  21  29  8   6   4   4   8   11  14  16  18  27  14  13  11  3   2   7   11  13  16  22  15  18  9   0   0   2   8   9   16  22  18  17  9   8   6   5   8   9   16  22 
32  27  26  21  19  21  21  22  28  31  29  23  24  19  19  19  17  19  24  29  23  23  19  15  17  17  17  19  19  23  18  19  17  12  14  14  19  23  28  29  13  13  8   9   9   9   14  14  21  23  9   7   5   8   9   9   10  14  21  29  8   6   4   4   8   11  14  16  18  27  14  13  11  3   2   7   11  13  16  22  15  18  9   0   0   2   8   9   16  22  18  17  9   8   6   5   8   9   16  22 
34  29  28  23  21  23  23  24  30  33  31  25  26  21  21  21  19  21  26  31  25  25  21  17  19  19  19  21  21  25  20  21  19  14  16  16  21  25  30  31  15  15  10  11  11  11  16  16  23  25  11  9   7   10  11  11  12  16  22  30  10  8   6   6   10  10  13  17  19  28  16  15  12  5   4   6   10  11  14  20  17  18  9   2   2   0   6   7   14  20  16  15  7   6   4   3   6   7   14  20 
40  35  34  29  27  29  29  30  36  39  37  31  32  27  27  27  25  27  32  37  31  31  27  23  25  25  25  27  27  31  26  27  25  20  22  22  26  28  31  31  21  21  16  17  17  17  19  19  23  25  17  15  13  16  17  17  17  13  16  24  16  14  12  12  16  14  11  11  13  22  22  20  16  11  10  11  7   5   8   14  23  22  13  8   8   6   0   1   8   14  20  19  11  10  8   7   4   5   12  17 
41  36  35  30  28  29  29  30  36  39  38  32  33  28  28  27  25  27  32  37  32  32  28  24  25  25  25  27  27  31  27  28  26  21  22  22  25  27  30  30  22  22  17  18  17  17  18  18  22  24  18  16  14  17  17  17  16  12  15  23  17  15  13  13  17  15  12  10  12  21  23  21  17  12  11  12  8   4   7   13  24  23  14  9   9   7   1   0   7   13  21  20  12  11  9   8   5   6   11  16 
48  43  42  37  35  35  35  36  42  45  45  39  40  35  35  33  31  33  38  43  39  39  35  31  31  31  31  33  33  37  34  35  33  28  28  28  31  33  32  32  29  29  24  25  23  23  24  24  24  26  25  23  21  24  23  23  22  18  17  24  24  22  20  20  24  22  19  16  14  15  30  28  24  19  18  19  15  11  9   6   31  30  21  16  16  14  8   7   0   6   28  27  19  18  16  15  12  11  4   9  
48  41  40  35  33  32  32  33  39  42  48  39  39  33  33  30  28  30  35  40  43  39  34  29  28  28  28  30  30  34  38  35  32  26  25  25  28  30  29  29  34  29  24  23  20  20  21  21  21  23  30  28  26  21  20  20  19  15  14  18  29  27  25  25  24  20  17  13  11  9   35  33  29  25  22  17  13  9   6   0   36  35  26  22  22  20  14  13  6   0   33  32  24  23  21  20  17  16  9   3  
43  40  39  34  32  34  34  35  41  44  40  36  37  32  32  32  30  32  37  42  34  36  32  28  30  30  30  32  32  36  29  32  30  25  27  27  32  36  41  42  24  26  21  22  22  22  27  27  34  36  20  19  18  21  22  22  23  27  34  42  13  15  17  17  21  26  29  29  31  40  7   9   13  18  20  22  26  25  28  33  6   6   11  18  18  16  20  21  28  33  0   1   9   10  12  13  16  17  24  30 
44  41  40  35  33  35  35  36  42  45  41  37  38  33  33  33  31  33  38  43  35  37  33  29  31  31  31  33  33  37  30  33  31  26  28  28  33  37  42  43  25  27  22  23  23  23  28  28  35  37  21  20  19  22  23  23  24  28  35  43  14  16  18  18  22  25  28  30  32  41  8   10  13  19  19  21  25  24  27  32  7   5   10  17  17  15  19  20  27  32  1   0   8   9   11  12  15  16  23  29 
41  36  35  30  28  30  30  31  37  40  38  32  33  28  28  28  26  28  33  38  32  32  28  24  26  26  26  28  28  32  27  28  26  21  23  23  28  32  37  38  22  22  17  18  18  18  23  23  30  32  18  16  14  17  18  18  19  23  27  35  17  15  13  13  17  17  20  22  24  33  11  9   5   12  11  13  17  16  19  24  12  11  2   9   9   7   11  12  19  24  9   8   0   1   3   4   7   8   15  21 
40  35  34  29  27  29  29  30  36  39  37  31  32  27  27  27  25  27  32  37  31  31  27  23  25  25  25  27  27  31  26  27  25  20  22  22  27  31  36  37  21  21  16  17  17  17  22  22  29  31  17  15  13  16  17  17  18  22  26  34  16  14  12  12  16  16  19  21  23  32  12  10  6   11  10  12  16  15  18  23  13  12  3   8   8   6   10  11  18  23  10  9   1   0   2   3   6   7   14  20 
38  33  32  27  25  27  27  28  34  37  35  29  30  25  25  25  23  25  30  35  29  29  25  21  23  23  23  25  25  29  24  25  23  18  20  20  25  29  34  35  19  19  14  15  15  15  20  20  27  29  15  13  11  14  15  15  16  20  24  32  14  12  10  10  14  14  17  19  21  30  14  12  8   9   8   10  14  13  16  21  15  14  5   6   6   4   8   9   16  21  12  11  3   2   0   1   4   5   12  18 
37  32  31  26  24  26  26  27  33  36  34  28  29  24  24  24  22  24  29  34  28  28  24  20  22  22  22  24  24  28  23  24  22  17  19  19  24  28  33  34  18  18  13  14  14  14  19  19  26  28  14  12  10  13  14  14  15  19  23  31  13  11  9   9   13  13  16  18  20  29  15  13  9   8   7   9   13  12  15  20  16  15  6   5   5   3   7   8   15  20  13  12  4   3   1   0   3   4   11  17 
40  35  34  29  27  29  29  30  36  39  37  31  32  27  27  27  25  27  32  37  31  31  27  23  25  25  25  27  27  31  26  27  25  20  22  22  27  31  35  35  21  21  16  17  17  17  22  22  27  29  17  15  13  16  17  17  18  17  20  28  16  14  12  12  16  16  15  15  17  26  18  16  12  11  10  12  11  9   12  17  19  18  9   8   8   6   4   5   12  17  16  15  7   6   4   3   0   1   8   14 
41  36  35  30  28  30  30  31  37  40  38  32  33  28  28  28  26  28  33  38  32  32  28  24  26  26  26  28  28  32  27  28  26  21  23  23  28  32  36  36  22  22  17  18  18  18  23  23  28  30  18  16  14  17  18  18  19  18  21  29  17  15  13  13  17  17  16  16  18  25  19  17  13  12  11  13  12  10  13  16  20  19  10  9   9   7   5   6   11  16  17  16  8   7   5   4   1   0   7   13 
48  43  42  37  35  37  37  38  44  47  45  39  40  35  35  35  33  35  40  45  39  39  35  31  33  33  33  35  35  39  34  35  33  28  30  30  35  37  36  36  29  29  24  25  25  25  28  28  28  30  25  23  21  24  25  25  26  22  21  27  24  22  20  20  24  24  23  20  18  18  26  24  20  19  18  20  19  15  13  9   27  26  17  16  16  14  12  11  4   9   24  23  15  14  12  11  8   7   0   6  
51  44  43  38  36  35  35  36  42  45  51  42  42  36  36  33  31  33  38  43  45  42  37  32  31  31  31  33  33  37  40  38  35  29  28  28  31  33  32  32  35  32  27  26  23  23  24  24  24  26  31  29  27  24  23  23  22  18  17  21  30  28  26  26  27  23  20  16  14  12  32  30  26  25  24  20  16  12  9   3   33  32  23  22  22  20  17  16  9   3   30  29  21  20  18  17  14  13  6   0  
