14  7   2   5   18  10  16  15  6   8   19  3   17  12  0   11  9   1   4   13 
7   14  18  10  2   16  5   6   15  19  8   3   12  17  9   11  0   1   4   13 
7   14  10  18  16  6   2   5   15  19  8   3   12  17  9   11  0   1   4   13 
7   10  16  6   19  8   14  18  15  3   2   5   12  17  9   11  0   1   4   13 
10  16  6   7   19  8   15  3   14  18  12  17  2   5   9   11  0   1   4   13 
6   10  16  19  3   7   8   12  15  18  17  2   5   14  9   11  1   4   0   13 
6   10  16  19  3   7   8   12  15  18  17  2   5   14  9   11  1   4   0   13 
6   16  10  19  12  3   7   8   15  18  17  2   5   14  9   4   11  1   0   13 
6   16  10  19  12  3   7   8   15  18  17  2   5   14  9   4   11  1   0   13 
6   16  10  12  19  3   7   8   15  18  17  2   4   5   9   14  11  1   0   13 
14  7   2   5   18  15  10  8   16  6   19  17  3   12  0   11  9   1   4   13 
18  2   5   7   14  15  8   19  10  16  6   3   17  11  0   9   12  1   4   13 
7   18  10  2   5   16  6   14  15  8   19  3   17  12  9   11  0   1   4   13 
10  16  6   7   19  8   15  3   14  18  12  17  2   5   9   11  0   1   4   13 
10  16  6   7   19  8   15  3   14  18  12  17  2   5   9   11  0   1   4   13 
6   10  16  19  3   7   8   12  15  18  17  2   5   9   14  11  1   0   4   13 
10  16  6   19  3   7   8   12  15  18  17  2   5   9   14  11  1   0   4   13 
16  10  6   19  12  3   7   8   15  18  17  2   5   9   14  4   11  1   0   13 
16  10  6   19  12  3   7   8   15  18  17  2   5   9   14  4   11  1   0   13 
16  10  12  6   19  3   7   8   15  4   18  17  2   5   9   14  1   11  0   13 
2   5   14  18  7   15  8   19  17  10  3   16  6   0   11  9   12  1   4   13 
18  2   5   7   14  15  8   19  10  16  6   3   17  11  0   9   12  1   4   13 
18  2   5   7   8   10  15  19  16  6   14  3   17  9   12  11  0   1   4   13 
10  16  19  8   6   7   15  3   18  17  2   5   12  14  9   11  0   1   4   13 
10  16  6   19  3   7   8   12  15  18  17  2   5   9   14  11  1   0   4   13 
10  16  6   19  3   7   8   12  15  18  17  2   5   9   14  11  1   0   4   13 
10  16  6   19  3   7   8   12  15  18  17  2   5   9   14  11  1   0   4   13 
16  10  6   19  12  3   7   8   15  18  17  2   5   9   14  4   11  1   0   13 
16  10  6   19  12  3   7   8   15  18  17  2   5   9   14  4   11  1   0   13 
16  10  12  6   19  3   7   8   15  4   18  17  2   5   9   14  1   11  0   13 
2   5   18  15  14  8   7   19  17  10  3   16  6   0   11  9   12  1   4   13 
18  2   5   15  7   14  8   19  10  3   16  17  6   11  0   9   12  1   4   13 
18  2   5   8   10  15  19  16  7   6   3   17  14  9   12  11  0   1   4   13 
10  19  8   16  15  6   3   18  17  2   5   7   9   12  11  0   1   14  4   13 
10  16  19  6   3   8   15  18  17  7   12  2   5   9   11  1   0   4   14  13 
10  16  19  6   3   8   15  18  17  7   12  2   5   9   11  1   0   4   14  13 
10  16  3   6   19  8   15  7   12  18  17  9   5   2   4   1   14  11  0   13 
16  10  3   6   19  12  7   8   15  9   18  17  4   5   2   1   14  11  13  0  
12  16  10  6   3   4   19  9   8   7   15  1   18  17  5   2   13  14  11  0  
12  16  4   10  3   6   19  9   1   8   7   15  17  18  13  5   2   11  14  0  
2   5   15  8   18  19  17  14  3   7   10  0   11  16  6   9   1   12  4   13 
15  18  8   2   5   19  3   17  10  16  7   6   14  11  0   9   1   12  4   13 
8   19  15  3   17  10  18  16  2   5   6   11  0   9   7   1   14  4   12  13 
19  8   15  3   10  17  16  18  6   2   5   9   7   11  0   1   12  4   14  13 
19  3   8   10  15  16  17  6   9   18  5   11  2   1   0   12  4   7   13  14 
19  3   8   10  15  16  17  6   9   18  5   11  2   1   0   12  4   7   13  14 
3   19  8   10  16  15  12  9   6   17  4   1   18  5   11  2   13  0   7   14 
3   19  8   10  16  15  12  9   6   17  4   1   18  5   11  2   13  0   7   14 
3   12  4   19  9   16  8   10  1   15  6   17  13  18  11  5   2   0   7   14 
12  4   3   19  9   1   16  8   10  6   15  17  13  18  11  5   2   7   0   14 
8   2   15  5   19  17  18  3   10  11  0   16  14  6   7   9   1   12  4   13 
8   15  19  17  2   5   3   18  10  11  0   16  6   14  9   7   1   12  4   13 
8   19  17  15  3   2   5   10  11  18  16  0   6   9   7   14  1   12  4   13 
19  8   3   15  10  17  16  6   18  9   11  5   2   0   1   12  4   7   13  14 
19  3   8   10  15  16  17  6   9   18  5   11  2   1   0   12  4   7   13  14 
19  3   8   10  15  16  17  6   9   18  5   11  2   1   0   12  4   7   13  14 
19  3   8   10  15  16  17  9   6   18  1   5   11  4   2   12  0   13  7   14 
19  3   9   8   1   10  15  4   16  17  6   13  11  18  12  2   5   0   7   14 
9   4   19  1   3   12  13  8   10  17  15  11  16  6   18  5   2   0   7   14 
4   1   12  9   3   19  13  8   16  10  11  15  17  6   18  2   5   0   7   14 
8   19  17  0   15  3   5   2   10  11  18  16  6   9   7   14  1   4   12  13 
8   19  17  15  0   3   5   10  11  2   18  16  6   9   7   1   14  12  4   13 
8   19  17  15  3   11  10  0   5   2   18  16  6   9   1   7   4   12  14  13 
8   19  17  15  3   11  10  0   5   2   18  16  6   9   1   7   4   12  14  13 
19  8   17  3   10  15  16  6   11  0   5   2   9   18  1   12  4   7   13  14 
19  17  3   8   10  9   15  16  11  6   1   4   18  13  2   5   0   12  7   14 
19  9   3   17  8   1   10  11  4   15  16  6   13  18  12  2   5   0   7   14 
19  9   3   1   4   8   10  17  11  13  15  16  6   12  18  2   5   0   7   14 
9   19  1   3   4   13  8   10  17  11  12  15  16  6   18  2   5   0   7   14 
1   4   13  9   19  3   12  8   11  10  15  17  16  6   18  5   2   0   7   14 
0   8   17  19  11  15  3   5   2   10  18  16  6   9   13  7   14  1   4   12 
0   8   17  19  11  15  3   5   2   10  18  16  6   9   13  7   1   14  4   12 
0   8   17  11  19  15  3   10  5   2   18  16  9   6   13  7   1   12  14  4  
8   17  19  15  3   11  10  0   5   2   18  16  6   9   1   7   13  4   12  14 
17  8   11  19  15  9   3   10  2   5   0   18  16  6   13  1   7   4   12  14 
17  9   19  8   11  3   10  15  13  16  6   1   4   0   18  2   5   12  7   14 
9   17  19  11  13  8   3   1   10  4   15  16  6   18  12  0   5   2   7   14 
9   11  13  19  17  3   1   8   4   10  15  16  6   12  0   18  5   2   7   14 
9   13  11  19  1   3   4   17  8   10  12  15  16  6   18  0   5   2   7   14 
13  9   1   11  4   19  3   17  8   10  12  15  16  6   18  0   2   5   7   14 
0   8   17  19  11  15  3   5   2   10  18  16  6   9   13  7   14  1   4   12 
0   8   11  17  19  15  3   5   10  2   18  16  9   6   13  7   1   14  12  4  
0   11  17  8   19  15  3   9   13  10  5   2   18  16  6   7   1   12  14  4  
17  8   11  19  15  3   9   10  5   2   0   18  16  6   13  7   1   4   12  14 
17  8   11  19  15  3   9   10  5   2   0   18  16  6   13  7   1   4   12  14 
17  11  8   19  9   15  3   0   10  5   2   13  18  16  6   1   7   4   12  14 
11  9   17  8   13  19  3   15  1   0   4   10  2   5   18  16  6   12  7   14 
11  9   17  8   13  19  3   1   15  4   0   10  2   16  5   18  6   12  7   14 
9   13  11  1   17  8   19  4   3   15  0   10  12  16  5   2   18  6   7   14 
13  9   1   11  4   19  3   17  8   10  12  15  16  6   18  0   2   5   7   14 
0   11  8   17  19  15  3   9   5   2   10  13  18  16  6   7   14  1   12  4  
0   11  17  8   19  15  9   3   13  5   2   10  18  16  6   7   14  1   12  4  
11  0   17  8   9   19  13  15  3   10  5   2   18  16  6   1   4   7   12  14 
11  17  0   8   9   19  13  15  3   10  5   2   18  16  6   1   4   7   12  14 
11  17  8   0   9   19  13  15  3   10  5   2   18  16  6   1   4   7   12  14 
11  17  8   0   9   19  13  15  3   10  5   2   18  16  6   1   4   7   12  14 
11  17  9   8   13  0   19  15  3   10  2   1   5   18  16  4   6   7   12  14 
11  17  9   13  8   0   19  15  3   1   10  2   5   18  16  4   6   7   12  14 
13  11  9   1   17  8   0   19  4   3   15  10  5   2   18  16  12  6   7   14 
13  9   1   11  4   19  3   17  8   10  12  15  0   16  6   18  2   5   7   14 
