0   0   6   10  17  26  34  34  34  39  7   9   9   11  17  23  28  30  34  42  13  13  13  11  20  26  27  28  34  39  16  13  13  13  18  18  25  26  31  36  24  18  17  13  18  21  26  26  34  39  21  18  17  22  23  24  28  28  29  35  25  26  25  25  27  27  32  29  29  34  28  30  31  27  28  31  31  30  29  38  29  29  30  28  29  29  29  30  32  40  31  34  34  29  29  29  29  35  35  35 
0   0   6   10  17  26  34  34  34  39  7   9   9   11  17  23  28  30  34  42  13  13  13  11  20  26  27  28  34  39  16  13  13  13  18  18  25  26  31  36  24  18  17  13  18  21  26  26  34  39  21  18  17  22  23  24  28  28  29  35  25  26  25  25  27  27  32  29  29  34  28  30  31  27  28  31  31  30  29  38  29  29  30  28  29  29  29  30  32  40  31  34  34  29  29  29  29  35  35  35 
6   6   0   4   11  20  28  28  28  33  13  9   9   5   11  17  22  24  28  36  16  9   7   5   14  20  21  22  28  33  12  9   7   7   12  12  19  20  25  30  20  14  11  7   12  15  20  20  28  33  17  14  11  16  17  18  22  22  23  29  21  22  19  19  21  21  26  23  23  28  24  26  26  21  22  25  25  24  23  32  25  25  24  22  23  23  23  24  26  34  27  28  28  23  23  23  23  29  29  29 
10  10  4   0   7   16  24  24  24  29  13  7   7   1   7   13  18  20  24  32  12  5   3   1   10  16  17  18  24  29  8   5   3   3   8   8   15  16  21  26  16  10  7   3   8   11  16  16  24  29  13  10  7   12  13  14  18  18  19  25  17  18  15  15  17  17  22  19  19  24  20  22  22  17  18  21  21  20  19  28  21  21  20  18  19  19  19  20  22  30  23  24  24  19  19  19  19  25  25  25 
17  17  11  7   0   9   17  19  19  24  20  14  14  8   0   6   13  15  19  27  19  12  10  8   8   11  12  13  19  24  15  12  10  10  10  10  17  18  23  28  23  17  14  10  10  13  18  18  26  31  20  17  14  19  15  16  20  20  21  27  24  25  22  22  19  19  24  21  21  26  27  28  27  22  20  23  23  22  21  30  28  28  25  23  24  24  24  22  24  32  30  29  29  24  24  24  24  27  27  27 
26  26  20  16  9   0   8   17  22  27  29  23  23  17  9   9   16  18  22  30  28  21  19  17  17  14  15  16  22  27  24  21  19  19  19  19  23  22  27  32  32  26  23  19  19  22  22  22  30  36  29  26  23  28  24  25  26  26  27  33  33  34  31  31  28  28  30  27  27  32  36  37  36  31  29  31  29  28  27  36  37  37  34  32  32  32  32  28  30  38  39  38  38  33  33  32  32  33  33  33 
34  34  28  24  17  8   0   9   14  19  33  27  27  25  17  15  8   12  14  22  32  25  23  25  16  10  9   10  14  19  28  25  23  23  18  18  17  16  21  25  36  30  27  23  18  21  16  16  24  30  33  30  27  32  23  24  20  20  21  27  37  38  35  30  27  27  24  21  21  26  34  34  33  28  28  25  23  22  21  30  33  33  29  27  26  26  26  22  24  32  35  33  33  27  27  26  26  27  27  27 
34  34  28  24  19  17  9   0   5   10  31  25  25  23  19  13  8   4   5   13  30  23  21  23  14  8   7   6   5   10  26  23  21  21  16  16  13  12  13  16  34  28  25  21  16  19  12  12  17  23  31  28  25  29  21  20  16  16  17  23  33  34  33  26  24  23  20  17  17  22  30  30  29  24  24  21  19  18  17  26  29  29  25  23  22  22  22  18  20  28  31  29  29  23  23  22  22  23  23  23 
34  34  28  24  19  22  14  5   0   5   31  25  25  23  19  13  8   8   0   8   30  23  21  23  14  8   7   6   0   5   26  23  21  21  16  16  13  12  8   11  34  28  25  21  16  19  12  12  12  18  31  28  25  29  21  20  16  16  17  22  33  34  33  26  24  23  20  17  17  22  30  30  29  24  24  21  19  18  17  26  29  29  25  23  22  22  22  18  20  28  31  29  29  23  23  22  22  23  23  23 
39  39  33  29  24  27  19  10  5   0   36  30  30  28  24  18  13  13  5   9   35  28  26  28  19  13  12  11  5   10  31  28  26  26  21  21  18  17  13  16  39  33  30  26  21  24  17  17  17  23  36  33  30  34  26  25  21  21  22  27  38  39  38  31  29  28  25  22  22  27  35  35  34  29  29  26  24  23  22  31  34  34  30  28  27  27  27  23  25  33  36  34  34  28  28  27  27  28  28  28 
7   7   13  13  20  29  33  31  31  36  0   6   6   12  20  26  25  27  31  39  6   10  10  12  17  23  24  25  31  36  13  10  10  10  15  15  22  23  28  33  21  15  14  10  15  18  23  23  31  36  18  15  14  19  20  21  25  25  26  32  22  23  22  22  24  24  29  26  26  31  25  27  28  24  25  28  28  27  26  35  26  26  27  25  26  26  26  27  29  37  28  31  31  26  26  26  26  32  32  32 
9   9   9   7   14  23  27  25  25  30  6   0   0   6   14  20  19  21  25  33  11  4   4   6   11  17  18  19  25  30  7   4   4   4   9   9   16  17  22  27  15  9   8   4   9   12  17  17  25  30  12  9   8   13  14  15  19  19  20  26  16  17  16  16  18  18  23  20  20  25  19  21  22  18  19  22  22  21  20  29  20  20  21  19  20  20  20  21  23  31  22  25  25  20  20  20  20  26  26  26 
9   9   9   7   14  23  27  25  25  30  6   0   0   6   14  20  19  21  25  33  11  4   4   6   11  17  18  19  25  30  7   4   4   4   9   9   16  17  22  27  15  9   8   4   9   12  17  17  25  30  12  9   8   13  14  15  19  19  20  26  16  17  16  16  18  18  23  20  20  25  19  21  22  18  19  22  22  21  20  29  20  20  21  19  20  20  20  21  23  31  22  25  25  20  20  20  20  26  26  26 
11  11  5   1   8   17  25  23  23  28  12  6   6   0   8   14  17  19  23  31  11  4   2   0   9   15  16  17  23  28  7   4   2   2   7   7   14  15  20  25  15  9   6   2   7   10  15  15  23  28  12  9   6   11  12  13  17  17  18  24  16  17  14  14  16  16  21  18  18  23  19  21  21  16  17  20  20  19  18  27  20  20  19  17  18  18  18  19  21  29  22  23  23  18  18  18  18  24  24  24 
17  17  11  7   0   9   17  19  19  24  20  14  14  8   0   6   13  15  19  27  19  12  10  8   8   11  12  13  19  24  15  12  10  10  10  10  17  18  23  28  23  17  14  10  10  13  18  18  26  31  20  17  14  19  15  16  20  20  21  27  24  25  22  22  19  19  24  21  21  26  27  28  27  22  20  23  23  22  21  30  28  28  25  23  24  24  24  22  24  32  30  29  29  24  24  24  24  27  27  27 
23  23  17  13  6   9   15  13  13  18  26  20  20  14  6   0   7   9   13  21  25  18  16  14  11  5   6   7   13  18  21  18  16  16  13  13  14  13  18  23  29  23  20  16  13  16  13  13  21  27  26  23  20  25  18  19  17  17  18  24  30  31  28  25  22  22  21  18  18  23  31  31  30  25  23  22  20  19  18  27  30  30  26  24  23  23  23  19  21  29  32  30  30  24  24  23  23  24  24  24 
28  28  22  18  13  16  8   8   8   13  25  19  19  17  13  7   0   4   8   16  24  17  15  17  8   2   1   2   8   13  20  17  15  15  10  10  9   8   13  18  28  22  19  15  10  13  8   8   16  22  25  22  19  24  15  16  12  12  13  19  29  30  27  22  19  19  16  13  13  18  26  26  25  20  20  17  15  14  13  22  25  25  21  19  18  18  18  14  16  24  27  25  25  19  19  18  18  19  19  19 
30  30  24  20  15  18  12  4   8   13  27  21  21  19  15  9   4   0   8   16  26  19  17  19  10  4   3   2   8   13  22  19  17  17  12  12  9   8   13  18  30  24  21  17  12  15  8   8   16  22  27  24  21  25  17  16  12  12  13  19  29  30  29  22  20  19  16  13  13  18  26  26  25  20  20  17  15  14  13  22  25  25  21  19  18  18  18  14  16  24  27  25  25  19  19  18  18  19  19  19 
34  34  28  24  19  22  14  5   0   5   31  25  25  23  19  13  8   8   0   8   30  23  21  23  14  8   7   6   0   5   26  23  21  21  16  16  13  12  8   11  34  28  25  21  16  19  12  12  12  18  31  28  25  29  21  20  16  16  17  22  33  34  33  26  24  23  20  17  17  22  30  30  29  24  24  21  19  18  17  26  29  29  25  23  22  22  22  18  20  28  31  29  29  23  23  22  22  23  23  23 
42  42  36  32  27  30  22  13  8   9   39  33  33  31  27  21  16  16  8   0   38  31  29  31  22  16  15  14  8   3   34  31  29  29  24  24  20  19  14  9   42  36  33  29  24  26  19  19  18  17  39  36  33  36  28  27  23  23  24  21  40  41  41  33  31  30  27  24  24  24  37  37  36  31  31  28  26  25  24  30  36  36  32  30  29  29  29  25  27  35  38  36  36  30  30  29  29  30  30  30 
13  13  16  12  19  28  32  30  30  35  6   11  11  11  19  25  24  26  30  38  0   7   9   11  16  22  23  24  30  35  7   7   9   9   14  14  21  22  27  32  15  12  13  9   14  17  22  22  30  35  15  12  13  18  19  20  24  24  25  31  19  20  21  21  23  23  28  25  25  30  22  24  25  23  24  27  27  26  25  34  23  23  26  24  25  25  25  26  28  36  25  29  29  25  25  25  25  31  31  31 
13  13  9   5   12  21  25  23  23  28  10  4   4   4   12  18  17  19  23  31  7   0   2   4   9   15  16  17  23  28  3   0   2   2   7   7   14  15  20  25  11  5   6   2   7   10  15  15  23  28  8   5   6   11  12  13  17  17  18  24  12  13  14  14  16  16  21  18  18  23  15  17  18  16  17  20  20  19  18  27  16  16  19  17  18  18  18  19  21  29  18  22  22  18  18  18  18  24  24  24 
13  13  7   3   10  19  23  21  21  26  10  4   4   2   10  16  15  17  21  29  9   2   0   2   7   13  14  15  21  26  5   2   0   0   5   5   12  13  18  23  13  7   4   0   5   8   13  13  21  26  10  7   4   9   10  11  15  15  16  22  14  15  12  12  14  14  19  16  16  21  17  19  19  14  15  18  18  17  16  25  18  18  17  15  16  16  16  17  19  27  20  21  21  16  16  16  16  22  22  22 
11  11  5   1   8   17  25  23  23  28  12  6   6   0   8   14  17  19  23  31  11  4   2   0   9   15  16  17  23  28  7   4   2   2   7   7   14  15  20  25  15  9   6   2   7   10  15  15  23  28  12  9   6   11  12  13  17  17  18  24  16  17  14  14  16  16  21  18  18  23  19  21  21  16  17  20  20  19  18  27  20  20  19  17  18  18  18  19  21  29  22  23  23  18  18  18  18  24  24  24 
20  20  14  10  8   17  16  14  14  19  17  11  11  9   8   11  8   10  14  22  16  9   7   9   0   6   7   8   14  19  12  9   7   7   2   2   9   10  15  20  20  14  11  7   2   5   10  10  18  23  17  14  11  16  7   8   12  12  13  19  21  22  19  14  11  11  16  13  13  18  22  20  19  14  12  15  15  14  13  22  21  21  17  15  16  16  16  14  16  24  23  21  21  16  16  16  16  19  19  19 
26  26  20  16  11  14  10  8   8   13  23  17  17  15  11  5   2   4   8   16  22  15  13  15  6   0   1   2   8   13  18  15  13  13  8   8   9   8   13  18  26  20  17  13  8   11  8   8   16  22  23  20  17  22  13  14  12  12  13  19  27  28  25  20  17  17  16  13  13  18  26  26  25  20  18  17  15  14  13  22  25  25  21  19  18  18  18  14  16  24  27  25  25  19  19  18  18  19  19  19 
27  27  21  17  12  15  9   7   7   12  24  18  18  16  12  6   1   3   7   15  23  16  14  16  7   1   0   1   7   12  19  16  14  14  9   9   8   7   12  17  27  21  18  14  9   12  7   7   15  21  24  21  18  23  14  15  11  11  12  18  28  29  26  21  18  18  15  12  12  17  25  25  24  19  19  16  14  13  12  21  24  24  20  18  17  17  17  13  15  23  26  24  24  18  18  17  17  18  18  18 
28  28  22  18  13  16  10  6   6   11  25  19  19  17  13  7   2   2   6   14  24  17  15  17  8   2   1   0   6   11  20  17  15  15  10  10  7   6   11  16  28  22  19  15  10  13  6   6   14  20  25  22  19  23  15  14  10  10  11  17  27  28  27  20  18  17  14  11  11  16  24  24  23  18  18  15  13  12  11  20  23  23  19  17  16  16  16  12  14  22  25  23  23  17  17  16  16  17  17  17 
34  34  28  24  19  22  14  5   0   5   31  25  25  23  19  13  8   8   0   8   30  23  21  23  14  8   7   6   0   5   26  23  21  21  16  16  13  12  8   11  34  28  25  21  16  19  12  12  12  18  31  28  25  29  21  20  16  16  17  22  33  34  33  26  24  23  20  17  17  22  30  30  29  24  24  21  19  18  17  26  29  29  25  23  22  22  22  18  20  28  31  29  29  23  23  22  22  23  23  23 
39  39  33  29  24  27  19  10  5   10  36  30  30  28  24  18  13  13  5   3   35  28  26  28  19  13  12  11  5   0   31  28  26  26  21  21  17  16  11  6   39  33  30  26  21  23  16  16  15  14  36  33  30  33  25  24  20  20  21  18  37  38  38  30  28  27  24  21  21  21  34  34  33  28  28  25  23  22  21  27  33  33  29  27  26  26  26  22  24  32  35  33  33  27  27  26  26  27  27  27 
16  16  12  8   15  24  28  26  26  31  13  7   7   7   15  21  20  22  26  34  7   3   5   7   12  18  19  20  26  31  0   3   5   5   10  10  17  18  23  28  8   8   9   5   10  13  18  18  26  31  11  8   9   14  15  16  20  20  21  27  15  16  17  17  19  19  24  21  21  26  18  20  21  19  20  23  23  22  21  30  19  19  22  20  21  21  21  22  24  32  21  25  25  21  21  21  21  27  27  27 
13  13  9   5   12  21  25  23  23  28  10  4   4   4   12  18  17  19  23  31  7   0   2   4   9   15  16  17  23  28  3   0   2   2   7   7   14  15  20  25  11  5   6   2   7   10  15  15  23  28  8   5   6   11  12  13  17  17  18  24  12  13  14  14  16  16  21  18  18  23  15  17  18  16  17  20  20  19  18  27  16  16  19  17  18  18  18  19  21  29  18  22  22  18  18  18  18  24  24  24 
13  13  7   3   10  19  23  21  21  26  10  4   4   2   10  16  15  17  21  29  9   2   0   2   7   13  14  15  21  26  5   2   0   0   5   5   12  13  18  23  13  7   4   0   5   8   13  13  21  26  10  7   4   9   10  11  15  15  16  22  14  15  12  12  14  14  19  16  16  21  17  19  19  14  15  18  18  17  16  25  18  18  17  15  16  16  16  17  19  27  20  21  21  16  16  16  16  22  22  22 
13  13  7   3   10  19  23  21  21  26  10  4   4   2   10  16  15  17  21  29  9   2   0   2   7   13  14  15  21  26  5   2   0   0   5   5   12  13  18  23  13  7   4   0   5   8   13  13  21  26  10  7   4   9   10  11  15  15  16  22  14  15  12  12  14  14  19  16  16  21  17  19  19  14  15  18  18  17  16  25  18  18  17  15  16  16  16  17  19  27  20  21  21  16  16  16  16  22  22  22 
18  18  12  8   10  19  18  16  16  21  15  9   9   7   10  13  10  12  16  24  14  7   5   7   2   8   9   10  16  21  10  7   5   5   0   0   7   8   13  18  18  12  9   5   0   3   8   8   16  21  15  12  9   14  5   6   10  10  11  17  19  20  17  12  9   9   14  11  11  16  20  18  17  12  10  13  13  12  11  20  19  19  15  13  14  14  14  12  14  22  21  19  19  14  14  14  14  17  17  17 
18  18  12  8   10  19  18  16  16  21  15  9   9   7   10  13  10  12  16  24  14  7   5   7   2   8   9   10  16  21  10  7   5   5   0   0   7   8   13  18  18  12  9   5   0   3   8   8   16  21  15  12  9   14  5   6   10  10  11  17  19  20  17  12  9   9   14  11  11  16  20  18  17  12  10  13  13  12  11  20  19  19  15  13  14  14  14  12  14  22  21  19  19  14  14  14  14  17  17  17 
25  25  19  15  17  23  17  13  13  18  22  16  16  14  17  14  9   9   13  20  21  14  12  14  9   9   8   7   13  17  17  14  12  12  7   7   0   1   6   11  25  19  16  12  7   8   1   1   9   15  22  19  16  18  10  9   5   5   6   12  22  23  23  15  13  12  9   6   6   11  19  19  18  13  13  10  8   7   6   15  18  18  14  12  11  11  11  7   9   17  20  18  18  12  12  11  11  12  12  12 
26  26  20  16  18  22  16  12  12  17  23  17  17  15  18  13  8   8   12  19  22  15  13  15  10  8   7   6   12  16  18  15  13  13  8   8   1   0   5   10  26  20  17  13  8   7   0   0   8   14  23  20  17  17  9   8   4   4   5   11  21  22  22  14  12  11  8   5   5   10  18  18  17  12  12  9   7   6   5   14  17  17  13  11  10  10  10  6   8   16  19  17  17  11  11  10  10  11  11  11 
31  31  25  21  23  27  21  13  8   13  28  22  22  20  23  18  13  13  8   14  27  20  18  20  15  13  12  11  8   11  23  20  18  18  13  13  6   5   0   5   31  25  22  18  13  12  5   5   4   10  28  25  22  22  14  13  9   9   10  14  26  27  27  19  17  16  13  10  10  15  23  23  22  17  17  14  12  11  10  19  22  22  18  16  15  15  15  11  13  21  24  22  22  16  16  15  15  16  16  16 
36  36  30  26  28  32  25  16  11  16  33  27  27  25  28  23  18  18  11  9   32  25  23  25  20  18  17  16  11  6   28  25  23  23  18  18  11  10  5   0   36  30  27  23  18  17  10  10  9   8   33  30  27  27  19  18  14  14  15  12  31  32  32  24  22  21  18  15  15  15  28  28  27  22  22  19  17  16  15  21  27  27  23  21  20  20  20  16  18  26  29  27  27  21  21  20  20  21  21  21 
24  24  20  16  23  32  36  34  34  39  21  15  15  15  23  29  28  30  34  42  15  11  13  15  20  26  27  28  34  39  8   11  13  13  18  18  25  26  31  36  0   7   14  13  18  21  26  26  30  34  4   7   14  21  23  24  25  25  24  30  8   11  17  21  22  23  25  24  24  29  11  15  16  19  21  24  22  23  24  33  12  12  16  18  19  19  19  23  27  31  14  18  18  19  19  19  19  26  26  26 
18  18  14  10  17  26  30  28  28  33  15  9   9   9   17  23  22  24  28  36  12  5   7   9   14  20  21  22  28  33  8   5   7   7   12  12  19  20  25  30  7   0   7   7   12  15  20  20  28  33  3   0   7   14  17  18  22  22  23  29  7   8   14  17  20  21  24  23  23  28  10  12  13  18  20  23  21  22  23  32  11  11  15  17  18  18  18  22  26  30  13  17  17  18  18  18  18  25  25  25 
17  17  11  7   14  23  27  25  25  30  14  8   8   6   14  20  19  21  25  33  13  6   4   6   11  17  18  19  25  30  9   6   4   4   9   9   16  17  22  27  14  7   0   4   9   12  17  17  25  29  10  7   0   7   14  15  19  19  19  25  14  14  8   10  13  14  20  19  19  24  17  17  16  12  14  17  17  18  19  28  18  18  15  13  14  14  14  18  22  26  20  19  19  14  14  14  14  21  21  21 
13  13  7   3   10  19  23  21  21  26  10  4   4   2   10  16  15  17  21  29  9   2   0   2   7   13  14  15  21  26  5   2   0   0   5   5   12  13  18  23  13  7   4   0   5   8   13  13  21  26  10  7   4   9   10  11  15  15  16  22  14  15  12  12  14  14  19  16  16  21  17  19  19  14  15  18  18  17  16  25  18  18  17  15  16  16  16  17  19  27  20  21  21  16  16  16  16  22  22  22 
18  18  12  8   10  19  18  16  16  21  15  9   9   7   10  13  10  12  16  24  14  7   5   7   2   8   9   10  16  21  10  7   5   5   0   0   7   8   13  18  18  12  9   5   0   3   8   8   16  21  15  12  9   14  5   6   10  10  11  17  19  20  17  12  9   9   14  11  11  16  20  18  17  12  10  13  13  12  11  20  19  19  15  13  14  14  14  12  14  22  21  19  19  14  14  14  14  17  17  17 
21  21  15  11  13  22  21  19  19  24  18  12  12  10  13  16  13  15  19  26  17  10  8   10  5   11  12  13  19  23  13  10  8   8   3   3   8   7   12  17  21  15  12  8   3   0   7   7   15  21  18  15  12  17  8   9   11  11  12  18  22  23  20  15  12  12  15  12  12  17  23  21  20  15  13  16  14  13  12  21  22  22  18  16  17  17  17  13  15  23  24  22  22  17  17  17  17  18  18  18 
26  26  20  16  18  22  16  12  12  17  23  17  17  15  18  13  8   8   12  19  22  15  13  15  10  8   7   6   12  16  18  15  13  13  8   8   1   0   5   10  26  20  17  13  8   7   0   0   8   14  23  20  17  17  9   8   4   4   5   11  21  22  22  14  12  11  8   5   5   10  18  18  17  12  12  9   7   6   5   14  17  17  13  11  10  10  10  6   8   16  19  17  17  11  11  10  10  11  11  11 
26  26  20  16  18  22  16  12  12  17  23  17  17  15  18  13  8   8   12  19  22  15  13  15  10  8   7   6   12  16  18  15  13  13  8   8   1   0   5   10  26  20  17  13  8   7   0   0   8   14  23  20  17  17  9   8   4   4   5   11  21  22  22  14  12  11  8   5   5   10  18  18  17  12  12  9   7   6   5   14  17  17  13  11  10  10  10  6   8   16  19  17  17  11  11  10  10  11  11  11 
34  34  28  24  26  30  24  17  12  17  31  25  25  23  26  21  16  16  12  18  30  23  21  23  18  16  15  14  12  15  26  23  21  21  16  16  9   8   4   9   30  28  25  21  16  15  8   8   0   6   26  28  25  18  12  11  7   7   6   10  22  23  23  15  14  14  11  6   6   11  19  19  18  13  13  10  8   7   6   15  18  18  14  12  11  11  11  7   9   17  20  18  18  12  12  11  11  12  12  12 
39  39  33  29  31  36  30  23  18  23  36  30  30  28  31  27  22  22  18  17  35  28  26  28  23  22  21  20  18  14  31  28  26  26  21  21  15  14  10  8   34  33  29  26  21  21  14  14  6   0   30  33  29  22  16  15  11  11  10  4   26  27  27  19  18  18  15  10  10  7   23  23  22  17  17  14  12  11  10  13  22  22  18  16  15  15  15  11  13  21  24  22  22  16  16  15  15  16  16  16 
21  21  17  13  20  29  33  31  31  36  18  12  12  12  20  26  25  27  31  39  15  8   10  12  17  23  24  25  31  36  11  8   10  10  15  15  22  23  28  33  4   3   10  10  15  18  23  23  26  30  0   3   10  17  20  21  21  21  20  26  4   7   13  17  18  19  21  20  20  25  7   11  12  15  17  20  18  19  20  29  8   8   12  14  15  15  15  19  23  27  10  14  14  15  15  15  15  22  22  22 
18  18  14  10  17  26  30  28  28  33  15  9   9   9   17  23  22  24  28  36  12  5   7   9   14  20  21  22  28  33  8   5   7   7   12  12  19  20  25  30  7   0   7   7   12  15  20  20  28  33  3   0   7   14  17  18  22  22  23  29  7   8   14  17  20  21  24  23  23  28  10  12  13  18  20  23  21  22  23  32  11  11  15  17  18  18  18  22  26  30  13  17  17  18  18  18  18  25  25  25 
17  17  11  7   14  23  27  25  25  30  14  8   8   6   14  20  19  21  25  33  13  6   4   6   11  17  18  19  25  30  9   6   4   4   9   9   16  17  22  27  14  7   0   4   9   12  17  17  25  29  10  7   0   7   14  15  19  19  19  25  14  14  8   10  13  14  20  19  19  24  17  17  16  12  14  17  17  18  19  28  18  18  15  13  14  14  14  18  22  26  20  19  19  14  14  14  14  21  21  21 
22  22  16  12  19  28  32  29  29  34  19  13  13  11  19  25  24  25  29  36  18  11  9   11  16  22  23  23  29  33  14  11  9   9   14  14  18  17  22  27  21  14  7   9   14  17  17  17  18  22  17  14  7   0   9   10  13  13  12  18  16  15  11  3   6   7   13  12  12  17  13  11  10  5   7   10  10  11  12  21  12  12  8   6   7   7   7   11  15  19  14  12  12  7   7   7   7   14  14  14 
23  23  17  13  15  24  23  21  21  26  20  14  14  12  15  18  15  17  21  28  19  12  10  12  7   13  14  15  21  25  15  12  10  10  5   5   10  9   14  19  23  17  14  10  5   8   9   9   12  16  20  17  14  9   0   1   5   5   6   12  18  17  15  7   4   4   9   6   6   11  15  13  12  7   5   8   8   7   6   15  14  14  10  8   9   9   9   7   9   17  16  14  14  9   9   9   9   12  12  12 
24  24  18  14  16  25  24  20  20  25  21  15  15  13  16  19  16  16  20  27  20  13  11  13  8   14  15  14  20  24  16  13  11  11  6   6   9   8   13  18  24  18  15  11  6   9   8   8   11  15  21  18  15  10  1   0   4   4   5   11  18  17  15  7   4   3   8   5   5   10  15  13  12  7   5   8   7   6   5   14  14  14  10  8   9   9   9   6   8   16  16  14  14  9   9   9   9   11  11  11 
28  28  22  18  20  26  20  16  16  21  25  19  19  17  20  17  12  12  16  23  24  17  15  17  12  12  11  10  16  20  20  17  15  15  10  10  5   4   9   14  25  22  19  15  10  11  4   4   7   11  21  22  19  13  5   4   0   0   1   7   17  18  18  10  8   7   4   1   1   6   14  14  13  8   8   5   3   2   1   10  13  13  9   7   6   6   6   2   4   12  15  13  13  7   7   6   6   7   7   7  
28  28  22  18  20  26  20  16  16  21  25  19  19  17  20  17  12  12  16  23  24  17  15  17  12  12  11  10  16  20  20  17  15  15  10  10  5   4   9   14  25  22  19  15  10  11  4   4   7   11  21  22  19  13  5   4   0   0   1   7   17  18  18  10  8   7   4   1   1   6   14  14  13  8   8   5   3   2   1   10  13  13  9   7   6   6   6   2   4   12  15  13  13  7   7   6   6   7   7   7  
29  29  23  19  21  27  21  17  17  22  26  20  20  18  21  18  13  13  17  24  25  18  16  18  13  13  12  11  17  21  21  18  16  16  11  11  6   5   10  15  24  23  19  16  11  12  5   5   6   10  20  23  19  12  6   5   1   1   0   6   16  17  17  9   8   8   5   0   0   5   13  13  12  7   7   4   2   1   0   9   12  12  8   6   5   5   5   1   3   11  14  12  12  6   6   5   5   6   6   6  
35  35  29  25  27  33  27  23  22  27  32  26  26  24  27  24  19  19  22  21  31  24  22  24  19  19  18  17  22  18  27  24  22  22  17  17  12  11  14  12  30  29  25  22  17  18  11  11  10  4   26  29  25  18  12  11  7   7   6   0   22  23  23  15  14  14  11  6   6   3   19  19  18  13  13  10  8   7   6   9   18  18  14  12  11  11  11  7   9   17  20  18  18  12  12  11  11  12  12  12 
25  25  21  17  24  33  37  33  33  38  22  16  16  16  24  30  29  29  33  40  19  12  14  16  21  27  28  27  33  37  15  12  14  14  19  19  22  21  26  31  8   7   14  14  19  22  21  21  22  26  4   7   14  16  18  18  17  17  16  22  0   3   9   13  14  15  17  16  16  21  3   7   8   11  13  16  14  15  16  25  4   4   8   10  11  11  11  15  19  23  6   10  10  11  11  11  11  18  18  18 
26  26  22  18  25  34  38  34  34  39  23  17  17  17  25  31  30  30  34  41  20  13  15  17  22  28  29  28  34  38  16  13  15  15  20  20  23  22  27  32  11  8   14  15  20  23  22  22  23  27  7   8   14  15  17  17  18  18  17  23  3   0   6   12  13  14  18  17  17  22  6   4   5   10  12  15  15  16  17  26  7   7   11  11  12  12  12  16  20  24  9   13  13  12  12  12  12  19  19  19 
25  25  19  15  22  31  35  33  33  38  22  16  16  14  22  28  27  29  33  41  21  14  12  14  19  25  26  27  33  38  17  14  12  12  17  17  23  22  27  32  17  14  8   12  17  20  22  22  23  27  13  14  8   11  15  15  18  18  17  23  9   6   0   8   11  12  18  17  17  22  12  9   8   10  12  15  15  16  17  26  13  13  13  11  12  12  12  16  20  24  15  17  17  12  12  12  12  19  19  19 
25  25  19  15  22  31  30  26  26  31  22  16  16  14  22  25  22  22  26  33  21  14  12  14  14  20  21  20  26  30  17  14  12  12  12  12  15  14  19  24  21  17  10  12  12  15  14  14  15  19  17  17  10  3   7   7   10  10  9   15  13  12  8   0   3   4   10  9   9   14  10  8   7   2   4   7   7   8   9   18  9   9   5   3   4   4   4   8   12  16  11  9   9   4   4   4   4   11  11  11 
27  27  21  17  19  28  27  24  24  29  24  18  18  16  19  22  19  20  24  31  23  16  14  16  11  17  18  18  24  28  19  16  14  14  9   9   13  12  17  22  22  20  13  14  9   12  12  12  14  18  18  20  13  6   4   4   8   8   8   14  14  13  11  3   0   1   9   8   8   13  11  9   8   3   1   4   6   7   8   17  10  10  6   4   5   5   5   7   11  17  12  10  10  5   5   5   5   12  12  12 
27  27  21  17  19  28  27  23  23  28  24  18  18  16  19  22  19  19  23  30  23  16  14  16  11  17  18  17  23  27  19  16  14  14  9   9   12  11  16  21  23  21  14  14  9   12  11  11  14  18  19  21  14  7   4   3   7   7   8   14  15  14  12  4   1   0   9   8   8   13  12  10  9   4   2   5   7   8   8   17  11  11  7   5   6   6   6   8   11  18  13  11  11  6   6   6   6   13  13  13 
32  32  26  22  24  30  24  20  20  25  29  23  23  21  24  21  16  16  20  27  28  21  19  21  16  16  15  14  20  24  24  21  19  19  14  14  9   8   13  18  25  24  20  19  14  15  8   8   11  15  21  24  20  13  9   8   4   4   5   11  17  18  18  10  9   9   0   5   5   10  14  14  13  8   8   5   3   4   5   14  13  13  9   7   6   6   6   4   8   14  15  13  13  7   7   6   6   9   9   9  
29  29  23  19  21  27  21  17  17  22  26  20  20  18  21  18  13  13  17  24  25  18  16  18  13  13  12  11  17  21  21  18  16  16  11  11  6   5   10  15  24  23  19  16  11  12  5   5   6   10  20  23  19  12  6   5   1   1   0   6   16  17  17  9   8   8   5   0   0   5   13  13  12  7   7   4   2   1   0   9   12  12  8   6   5   5   5   1   3   11  14  12  12  6   6   5   5   6   6   6  
29  29  23  19  21  27  21  17  17  22  26  20  20  18  21  18  13  13  17  24  25  18  16  18  13  13  12  11  17  21  21  18  16  16  11  11  6   5   10  15  24  23  19  16  11  12  5   5   6   10  20  23  19  12  6   5   1   1   0   6   16  17  17  9   8   8   5   0   0   5   13  13  12  7   7   4   2   1   0   9   12  12  8   6   5   5   5   1   3   11  14  12  12  6   6   5   5   6   6   6  
34  34  28  24  26  32  26  22  22  27  31  25  25  23  26  23  18  18  22  24  30  23  21  23  18  18  17  16  22  21  26  23  21  21  16  16  11  10  15  15  29  28  24  21  16  17  10  10  11  7   25  28  24  17  11  10  6   6   5   3   21  22  22  14  13  13  10  5   5   0   18  18  17  12  12  9   7   6   5   6   17  17  13  11  10  10  10  6   8   14  19  17  17  11  11  10  10  11  11  11 
28  28  24  20  27  36  34  30  30  35  25  19  19  19  27  31  26  26  30  37  22  15  17  19  22  26  25  24  30  34  18  15  17  17  20  20  19  18  23  28  11  10  17  17  20  23  18  18  19  23  7   10  17  13  15  15  14  14  13  19  3   6   12  10  11  12  14  13  13  18  0   6   7   8   10  13  11  12  13  22  1   1   5   7   8   8   8   12  16  20  3   7   7   8   8   8   8   15  15  15 
30  30  26  22  28  37  34  30  30  35  27  21  21  21  28  31  26  26  30  37  24  17  19  21  20  26  25  24  30  34  20  17  19  19  18  18  19  18  23  28  15  12  17  19  18  21  18  18  19  23  11  12  17  11  13  13  14  14  13  19  7   4   9   8   9   10  14  13  13  18  6   0   1   6   8   11  11  12  13  22  5   5   8   7   8   8   8   12  16  20  7   11  11  8   8   8   8   15  15  15 
31  31  26  22  27  36  33  29  29  34  28  22  22  21  27  30  25  25  29  36  25  18  19  21  19  25  24  23  29  33  21  18  19  19  17  17  18  17  22  27  16  13  16  19  17  20  17  17  18  22  12  13  16  10  12  12  13  13  12  18  8   5   8   7   8   9   13  12  12  17  7   1   0   5   7   10  10  11  12  21  6   6   7   6   7   7   7   11  15  19  8   11  11  7   7   7   7   14  14  14 
27  27  21  17  22  31  28  24  24  29  24  18  18  16  22  25  20  20  24  31  23  16  14  16  14  20  19  18  24  28  19  16  14  14  12  12  13  12  17  22  19  18  12  14  12  15  12  12  13  17  15  18  12  5   7   7   8   8   7   13  11  10  10  2   3   4   8   7   7   12  8   6   5   0   2   5   5   6   7   16  7   7   3   1   2   2   2   6   10  14  9   7   7   2   2   2   2   9   9   9  
28  28  22  18  20  29  28  24  24  29  25  19  19  17  20  23  20  20  24  31  24  17  15  17  12  18  19  18  24  28  20  17  15  15  10  10  13  12  17  22  21  20  14  15  10  13  12  12  13  17  17  20  14  7   5   5   8   8   7   13  13  12  12  4   1   2   8   7   7   12  10  8   7   2   0   3   5   6   7   16  9   9   5   3   4   4   4   6   10  16  11  9   9   4   4   4   4   11  11  11 
31  31  25  21  23  31  25  21  21  26  28  22  22  20  23  22  17  17  21  28  27  20  18  20  15  17  16  15  21  25  23  20  18  18  13  13  10  9   14  19  24  23  17  18  13  16  9   9   10  14  20  23  17  10  8   8   5   5   4   10  16  15  15  7   4   5   5   4   4   9   13  11  10  5   3   0   2   3   4   13  12  12  8   6   5   5   5   3   7   13  14  12  12  6   6   5   5   8   8   8  
31  31  25  21  23  29  23  19  19  24  28  22  22  20  23  20  15  15  19  26  27  20  18  20  15  15  14  13  19  23  23  20  18  18  13  13  8   7   12  17  22  21  17  18  13  14  7   7   8   12  18  21  17  10  8   7   3   3   2   8   14  15  15  7   6   7   3   2   2   7   11  11  10  5   5   2   0   1   2   11  10  10  6   4   3   3   3   1   5   11  12  10  10  4   4   3   3   6   6   6  
30  30  24  20  22  28  22  18  18  23  27  21  21  19  22  19  14  14  18  25  26  19  17  19  14  14  13  12  18  22  22  19  17  17  12  12  7   6   11  16  23  22  18  17  12  13  6   6   7   11  19  22  18  11  7   6   2   2   1   7   15  16  16  8   7   8   4   1   1   6   12  12  11  6   6   3   1   0   1   10  11  11  7   5   4   4   4   0   4   10  13  11  11  5   5   4   4   5   5   5  
29  29  23  19  21  27  21  17  17  22  26  20  20  18  21  18  13  13  17  24  25  18  16  18  13  13  12  11  17  21  21  18  16  16  11  11  6   5   10  15  24  23  19  16  11  12  5   5   6   10  20  23  19  12  6   5   1   1   0   6   16  17  17  9   8   8   5   0   0   5   13  13  12  7   7   4   2   1   0   9   12  12  8   6   5   5   5   1   3   11  14  12  12  6   6   5   5   6   6   6  
38  38  32  28  30  36  30  26  26  31  35  29  29  27  30  27  22  22  26  30  34  27  25  27  22  22  21  20  26  27  30  27  25  25  20  20  15  14  19  21  33  32  28  25  20  21  14  14  15  13  29  32  28  21  15  14  10  10  9   9   25  26  26  18  17  17  14  9   9   6   22  22  21  16  16  13  11  10  9   0   21  21  17  15  14  14  14  10  12  8   23  21  21  15  15  14  14  13  13  13 
29  29  25  21  28  37  33  29  29  34  26  20  20  20  28  30  25  25  29  36  23  16  18  20  21  25  24  23  29  33  19  16  18  18  19  19  18  17  22  27  12  11  18  18  19  22  17  17  18  22  8   11  18  12  14  14  13  13  12  18  4   7   13  9   10  11  13  12  12  17  1   5   6   7   9   12  10  11  12  21  0   0   4   6   7   7   7   11  15  19  2   6   6   7   7   7   7   14  14  14 
29  29  25  21  28  37  33  29  29  34  26  20  20  20  28  30  25  25  29  36  23  16  18  20  21  25  24  23  29  33  19  16  18  18  19  19  18  17  22  27  12  11  18  18  19  22  17  17  18  22  8   11  18  12  14  14  13  13  12  18  4   7   13  9   10  11  13  12  12  17  1   5   6   7   9   12  10  11  12  21  0   0   4   6   7   7   7   11  15  19  2   6   6   7   7   7   7   14  14  14 
30  30  24  20  25  34  29  25  25  30  27  21  21  19  25  26  21  21  25  32  26  19  17  19  17  21  20  19  25  29  22  19  17  17  15  15  14  13  18  23  16  15  15  17  15  18  13  13  14  18  12  15  15  8   10  10  9   9   8   14  8   11  13  5   6   7   9   8   8   13  5   8   7   3   5   8   6   7   8   17  4   4   0   2   3   3   3   7   11  15  6   4   4   3   3   3   3   10  10  10 
28  28  22  18  23  32  27  23  23  28  25  19  19  17  23  24  19  19  23  30  24  17  15  17  15  19  18  17  23  27  20  17  15  15  13  13  12  11  16  21  18  17  13  15  13  16  11  11  12  16  14  17  13  6   8   8   7   7   6   12  10  11  11  3   4   5   7   6   6   11  7   7   6   1   3   6   4   5   6   15  6   6   2   0   1   1   1   5   9   13  8   6   6   1   1   1   1   8   8   8  
29  29  23  19  24  32  26  22  22  27  26  20  20  18  24  23  18  18  22  29  25  18  16  18  16  18  17  16  22  26  21  18  16  16  14  14  11  10  15  20  19  18  14  16  14  17  10  10  11  15  15  18  14  7   9   9   6   6   5   11  11  12  12  4   5   6   6   5   5   10  8   8   7   2   4   5   3   4   5   14  7   7   3   1   0   0   0   4   8   12  9   7   7   1   1   0   0   7   7   7  
29  29  23  19  24  32  26  22  22  27  26  20  20  18  24  23  18  18  22  29  25  18  16  18  16  18  17  16  22  26  21  18  16  16  14  14  11  10  15  20  19  18  14  16  14  17  10  10  11  15  15  18  14  7   9   9   6   6   5   11  11  12  12  4   5   6   6   5   5   10  8   8   7   2   4   5   3   4   5   14  7   7   3   1   0   0   0   4   8   12  9   7   7   1   1   0   0   7   7   7  
29  29  23  19  24  32  26  22  22  27  26  20  20  18  24  23  18  18  22  29  25  18  16  18  16  18  17  16  22  26  21  18  16  16  14  14  11  10  15  20  19  18  14  16  14  17  10  10  11  15  15  18  14  7   9   9   6   6   5   11  11  12  12  4   5   6   6   5   5   10  8   8   7   2   4   5   3   4   5   14  7   7   3   1   0   0   0   4   8   12  9   7   7   1   1   0   0   7   7   7  
30  30  24  20  22  28  22  18  18  23  27  21  21  19  22  19  14  14  18  25  26  19  17  19  14  14  13  12  18  22  22  19  17  17  12  12  7   6   11  16  23  22  18  17  12  13  6   6   7   11  19  22  18  11  7   6   2   2   1   7   15  16  16  8   7   8   4   1   1   6   12  12  11  6   6   3   1   0   1   10  11  11  7   5   4   4   4   0   4   10  13  11  11  5   5   4   4   5   5   5  
32  32  26  22  24  30  24  20  20  25  29  23  23  21  24  21  16  16  20  27  28  21  19  21  16  16  15  14  20  24  24  21  19  19  14  14  9   8   13  18  27  26  22  19  14  15  8   8   9   13  23  26  22  15  9   8   4   4   3   9   19  20  20  12  11  11  8   3   3   8   16  16  15  10  10  7   5   4   3   12  15  15  11  9   8   8   8   4   0   9   17  15  15  9   9   8   8   4   4   4  
40  40  34  30  32  38  32  28  28  33  37  31  31  29  32  29  24  24  28  35  36  29  27  29  24  24  23  22  28  32  32  29  27  27  22  22  17  16  21  26  31  30  26  27  22  23  16  16  17  21  27  30  26  19  17  16  12  12  11  17  23  24  24  16  17  18  14  11  11  14  20  20  19  14  16  13  11  10  11  8   19  19  15  13  12  12  12  10  9   0   21  19  19  13  13  12  12  5   5   5  
31  31  27  23  30  39  35  31  31  36  28  22  22  22  30  32  27  27  31  38  25  18  20  22  23  27  26  25  31  35  21  18  20  20  21  21  20  19  24  29  14  13  20  20  21  24  19  19  20  24  10  13  20  14  16  16  15  15  14  20  6   9   15  11  12  13  15  14  14  19  3   7   8   9   11  14  12  13  14  23  2   2   6   8   9   9   9   13  17  21  0   8   8   9   9   9   9   16  16  16 
34  34  28  24  29  38  33  29  29  34  31  25  25  23  29  30  25  25  29  36  29  22  21  23  21  25  24  23  29  33  25  22  21  21  19  19  18  17  22  27  18  17  19  21  19  22  17  17  18  22  14  17  19  12  14  14  13  13  12  18  10  13  17  9   10  11  13  12  12  17  7   11  11  7   9   12  10  11  12  21  6   6   4   6   7   7   7   11  15  19  8   0   0   6   6   7   7   14  14  14 
34  34  28  24  29  38  33  29  29  34  31  25  25  23  29  30  25  25  29  36  29  22  21  23  21  25  24  23  29  33  25  22  21  21  19  19  18  17  22  27  18  17  19  21  19  22  17  17  18  22  14  17  19  12  14  14  13  13  12  18  10  13  17  9   10  11  13  12  12  17  7   11  11  7   9   12  10  11  12  21  6   6   4   6   7   7   7   11  15  19  8   0   0   6   6   7   7   14  14  14 
29  29  23  19  24  33  27  23  23  28  26  20  20  18  24  24  19  19  23  30  25  18  16  18  16  19  18  17  23  27  21  18  16  16  14  14  12  11  16  21  19  18  14  16  14  17  11  11  12  16  15  18  14  7   9   9   7   7   6   12  11  12  12  4   5   6   7   6   6   11  8   8   7   2   4   6   4   5   6   15  7   7   3   1   1   1   1   5   9   13  9   6   6   0   0   1   1   8   8   8  
29  29  23  19  24  33  27  23  23  28  26  20  20  18  24  24  19  19  23  30  25  18  16  18  16  19  18  17  23  27  21  18  16  16  14  14  12  11  16  21  19  18  14  16  14  17  11  11  12  16  15  18  14  7   9   9   7   7   6   12  11  12  12  4   5   6   7   6   6   11  8   8   7   2   4   6   4   5   6   15  7   7   3   1   1   1   1   5   9   13  9   6   6   0   0   1   1   8   8   8  
29  29  23  19  24  32  26  22  22  27  26  20  20  18  24  23  18  18  22  29  25  18  16  18  16  18  17  16  22  26  21  18  16  16  14  14  11  10  15  20  19  18  14  16  14  17  10  10  11  15  15  18  14  7   9   9   6   6   5   11  11  12  12  4   5   6   6   5   5   10  8   8   7   2   4   5   3   4   5   14  7   7   3   1   0   0   0   4   8   12  9   7   7   1   1   0   0   7   7   7  
29  29  23  19  24  32  26  22  22  27  26  20  20  18  24  23  18  18  22  29  25  18  16  18  16  18  17  16  22  26  21  18  16  16  14  14  11  10  15  20  19  18  14  16  14  17  10  10  11  15  15  18  14  7   9   9   6   6   5   11  11  12  12  4   5   6   6   5   5   10  8   8   7   2   4   5   3   4   5   14  7   7   3   1   0   0   0   4   8   12  9   7   7   1   1   0   0   7   7   7  
35  35  29  25  27  33  27  23  23  28  32  26  26  24  27  24  19  19  23  30  31  24  22  24  19  19  18  17  23  27  27  24  22  22  17  17  12  11  16  21  26  25  21  22  17  18  11  11  12  16  22  25  21  14  12  11  7   7   6   12  18  19  19  11  12  13  9   6   6   11  15  15  14  9   11  8   6   5   6   13  14  14  10  8   7   7   7   5   4   5   16  14  14  8   8   7   7   0   0   0  
35  35  29  25  27  33  27  23  23  28  32  26  26  24  27  24  19  19  23  30  31  24  22  24  19  19  18  17  23  27  27  24  22  22  17  17  12  11  16  21  26  25  21  22  17  18  11  11  12  16  22  25  21  14  12  11  7   7   6   12  18  19  19  11  12  13  9   6   6   11  15  15  14  9   11  8   6   5   6   13  14  14  10  8   7   7   7   5   4   5   16  14  14  8   8   7   7   0   0   0  
35  35  29  25  27  33  27  23  23  28  32  26  26  24  27  24  19  19  23  30  31  24  22  24  19  19  18  17  23  27  27  24  22  22  17  17  12  11  16  21  26  25  21  22  17  18  11  11  12  16  22  25  21  14  12  11  7   7   6   12  18  19  19  11  12  13  9   6   6   11  15  15  14  9   11  8   6   5   6   13  14  14  10  8   7   7   7   5   4   5   16  14  14  8   8   7   7   0   0   0  
