1   2   3   11  12  13  4   24  14  44  23  22  34  33  32  21  31  43  5   15  53  52  42  35  36  45  25  46  51  54  55  16  56  41  63  64  37  61  48  47  26  6   38  62  65  66  74  27  57  71  75  84  58  17  28  94  69  68  79  81  82  95  59  85  86  87  96  97  83  78  88  72  18  39  77  73  76  91  67  89  29  19  92  7   70  93  9   8   49  98  100 60  99  40  80  30  10  50  90  20 
1   2   3   11  12  13  4   24  14  44  23  22  34  33  32  21  31  43  5   15  53  52  42  35  36  45  25  46  51  54  55  16  56  41  63  64  37  61  48  47  26  6   38  62  65  66  74  27  57  71  75  84  58  17  28  94  69  68  79  81  82  95  59  85  86  87  96  97  83  78  88  72  18  39  77  73  76  91  67  89  29  19  92  7   70  93  9   8   49  98  100 60  99  40  80  30  10  50  90  20 
3   4   24  14  1   2   33  23  34  44  12  13  32  22  43  15  53  5   35  31  36  45  11  42  25  52  46  21  54  55  51  16  56  37  64  63  6   48  47  41  38  26  61  74  66  65  27  58  57  28  62  17  75  84  86  69  79  87  68  85  97  59  94  96  95  88  18  83  71  78  82  81  77  76  39  73  72  67  89  91  9   93  92  70  8   7   29  19  49  98  100 60  99  40  80  30  10  50  90  20 
4   24  14  23  33  44  34  3   32  22  15  13  12  43  5   53  36  31  35  45  42  52  25  1   2   46  21  54  55  16  11  51  56  64  63  37  6   41  48  47  26  38  74  27  66  65  61  58  57  62  75  17  84  28  79  85  86  87  68  69  97  59  94  96  95  88  18  83  78  71  82  81  77  39  76  72  67  89  73  91  93  70  92  9   8   7   19  29  49  98  100 60  99  40  80  30  10  50  90  20 
5   15  16  4   24  14  25  6   34  44  33  45  23  36  35  3   26  27  32  22  28  17  46  43  13  12  53  18  55  31  56  52  37  1   42  7   2   38  48  47  8   9   54  29  66  65  21  19  75  58  57  51  11  59  68  69  79  88  74  78  63  64  76  77  84  39  41  61  85  86  87  97  10  95  89  94  96  30  67  62  83  70  49  98  100 73  71  60  99  20  81  72  40  82  92  93  80  91  50  90 
6   7   5   16  15  26  27  4   28  17  24  25  8   14  18  44  23  34  35  36  45  33  3   32  22  19  29  9   38  48  47  46  53  13  12  43  37  55  31  56  58  57  52  1   42  2   59  69  39  68  30  79  10  66  65  78  88  54  21  77  51  75  11  20  89  67  49  63  76  74  64  87  86  41  70  85  96  97  40  84  95  98  94  100 61  60  99  62  83  80  73  71  50  82  81  72  90  92  93  91 
7   6   17  27  8   28  26  18  19  29  9   16  38  25  47  48  37  5   15  36  35  45  30  10  57  58  59  69  79  46  68  39  88  78  20  55  44  77  34  33  23  67  56  4   89  49  14  22  76  32  40  24  86  97  87  96  70  85  66  98  65  84  13  12  53  99  43  94  95  60  100 31  3   74  75  83  80  50  64  42  52  21  54  90  51  81  82  11  73  93  92  2   72  71  1   63  91  41  61  62 
8   18  19  9   29  28  27  26  17  7   30  10  38  47  48  39  16  20  37  25  57  35  36  45  40  58  79  49  69  68  59  6   88  78  5   46  15  77  56  89  67  76  44  55  23  34  33  86  70  96  97  87  85  98  94  95  84  66  50  100 14  22  24  99  60  32  4   65  74  75  12  13  53  83  43  31  80  64  42  90  3   52  92  93  54  82  81  73  71  21  72  91  51  11  61  63  62  2   41  1  
19  29  9   8   30  10  28  27  18  39  20  17  26  40  49  48  47  38  37  16  7   25  45  36  57  58  35  69  68  59  79  78  50  88  15  77  46  5   56  67  89  34  23  55  76  44  33  97  96  60  6   87  86  85  70  95  66  84  98  94  100 32  24  22  14  99  65  74  75  4   53  13  12  43  83  80  64  31  90  3   52  42  93  92  54  81  73  82  21  72  71  51  91  11  63  61  2   62  41  1  
10  9   19  29  20  8   30  28  27  26  18  39  17  40  49  48  47  38  37  16  7   25  45  36  57  58  35  69  68  59  79  78  50  88  15  77  46  5   56  67  89  34  23  55  76  44  33  97  96  60  6   87  86  85  70  95  66  84  98  94  100 32  24  22  14  99  65  74  75  4   53  13  12  43  83  80  64  31  90  3   52  42  93  92  54  81  73  82  21  72  71  51  91  11  63  61  2   62  41  1  
11  12  21  13  1   2   23  44  32  33  22  34  24  14  3   4   31  43  53  35  36  42  52  45  25  46  51  54  55  15  5   56  41  37  64  63  61  48  47  26  62  38  65  66  74  27  58  71  75  84  57  17  28  69  81  16  97  94  82  95  96  85  86  79  87  59  68  72  78  83  88  18  77  91  39  73  76  6   89  67  19  93  92  9   8   49  29  70  98  100 60  99  40  7   80  30  10  50  90  20 
13  12  34  32  33  23  22  44  11  14  24  4   31  43  53  36  35  52  42  1   45  2   3   21  25  51  46  54  55  5   15  56  41  61  63  37  64  26  48  62  47  38  66  74  65  27  17  84  58  71  28  75  57  69  79  85  86  82  68  87  81  96  59  95  16  97  94  18  88  83  72  78  91  77  76  39  73  6   67  89  92  9   70  49  29  93  19  8   98  100 60  99  40  7   80  30  10  50  90  20 
13  12  34  32  33  23  22  44  11  14  24  4   31  43  53  36  35  52  42  1   45  2   3   21  25  51  46  54  55  5   15  56  41  61  63  37  64  26  48  62  47  38  66  74  65  27  17  84  58  71  28  75  57  69  79  85  86  82  68  87  81  96  59  95  16  97  94  18  88  83  72  78  91  77  76  39  73  6   67  89  92  9   70  49  29  93  19  8   98  100 60  99  40  7   80  30  10  50  90  20 
24  14  4   23  44  33  34  22  32  3   13  53  43  12  31  35  45  36  15  5   42  52  25  46  54  1   2   21  51  55  11  56  64  63  16  37  48  47  38  26  41  27  65  66  74  61  6   57  75  84  62  58  28  17  87  86  85  97  59  94  79  95  69  96  68  71  78  18  83  88  81  39  77  82  76  89  73  72  67  91  70  19  92  9   8   49  29  93  98  100 60  99  40  7   80  30  10  50  90  20 
5   15  16  4   24  14  25  6   34  44  33  45  23  36  35  3   26  27  32  22  28  17  46  43  13  12  53  18  55  31  56  52  37  1   42  7   2   38  48  47  8   9   54  29  66  65  21  19  75  58  57  51  11  59  68  69  79  88  74  78  63  64  76  77  84  39  41  61  85  86  87  97  10  95  89  94  96  30  67  62  83  70  49  98  100 73  71  60  99  20  81  72  40  82  92  93  80  91  50  90 
16  26  15  27  5   28  17  6   18  25  35  45  47  19  48  36  29  38  8   4   9   37  24  14  7   44  34  46  33  23  58  57  3   55  32  22  10  39  69  68  79  59  30  56  88  78  77  13  12  43  53  89  31  67  49  20  66  76  65  70  85  1   87  52  42  96  40  97  2   86  75  84  94  95  98  100 60  99  21  54  64  74  11  51  83  50  80  63  90  41  61  82  92  93  81  73  71  72  62  91 
17  27  26  28  18  16  19  25  29  38  7   48  47  8   9   37  35  36  45  58  57  46  59  68  69  10  30  39  15  79  5   88  78  77  23  34  33  55  44  49  67  56  89  6   20  76  14  22  32  24  85  96  86  70  87  97  40  4   66  98  12  13  65  94  84  43  60  95  53  99  100 31  75  74  83  80  50  42  3   64  52  21  54  90  81  82  11  93  51  73  92  72  71  63  91  41  2   1   61  62 
18  28  27  26  8   17  48  47  29  19  38  9   37  16  25  45  35  58  36  57  7   10  68  39  79  69  59  30  88  78  5   15  46  77  89  49  56  20  67  34  33  55  44  23  76  85  70  86  87  97  6   40  96  66  84  60  100 99  98  14  95  22  94  24  32  65  74  4   75  53  83  13  12  43  80  50  64  31  42  3   52  90  81  82  93  54  92  73  21  72  71  91  51  11  61  63  62  2   41  1  
19  29  9   8   30  10  28  27  18  39  20  17  26  40  49  48  47  38  37  16  7   25  45  36  57  58  35  69  68  59  79  78  50  88  15  77  46  5   56  67  89  34  23  55  76  44  33  97  96  60  6   87  86  85  70  95  66  84  98  94  100 32  24  22  14  99  65  74  75  4   53  13  12  43  83  80  64  31  90  3   52  42  93  92  54  81  73  82  21  72  71  51  91  11  63  61  2   62  41  1  
20  30  29  9   19  40  10  8   39  28  27  26  18  17  50  49  38  48  47  37  16  60  25  7   58  57  68  69  70  59  79  45  36  35  88  78  46  77  15  67  5   89  56  55  76  33  86  34  87  96  23  97  44  85  84  94  95  98  66  80  100 6   99  14  22  65  24  32  75  74  83  4   43  12  13  64  53  31  90  73  93  92  3   54  82  52  42  81  71  72  21  91  11  51  61  62  63  2   41  1  
21  11  31  32  22  44  23  33  34  24  13  14  12  4   52  42  53  2   43  1   35  36  45  51  41  25  3   46  54  61  5   55  15  56  62  63  64  37  38  71  26  48  47  65  66  74  82  81  27  17  72  58  57  28  84  75  86  96  85  69  91  97  16  73  95  87  79  68  94  59  83  18  88  78  39  76  77  89  67  6   92  93  49  8   9   29  70  19  98  100 60  99  40  7   80  30  10  50  90  20 
32  22  33  23  44  34  31  24  12  13  14  42  4   52  43  53  36  21  35  45  51  25  3   11  46  54  41  15  55  61  5   56  62  1   2   37  64  63  38  71  26  48  47  74  66  65  81  82  27  75  17  28  84  72  57  58  86  73  69  68  79  94  96  87  95  91  59  97  16  85  88  78  83  18  76  39  77  89  67  6   92  93  8   9   49  19  70  29  98  100 60  99  40  7   80  30  10  50  90  20 
44  34  23  33  24  22  14  32  4   43  53  12  13  45  36  31  35  25  3   42  52  46  54  21  51  11  55  5   15  56  37  63  64  41  48  38  47  1   2   26  66  65  61  74  27  62  28  84  17  58  57  75  59  94  79  68  69  97  16  85  86  96  95  87  71  88  83  18  78  77  82  76  81  39  72  67  6   73  89  91  70  92  8   9   93  49  19  29  98  100 60  99  40  7   80  30  10  50  90  20 
24  14  4   23  44  33  34  22  32  3   13  53  43  12  31  35  45  36  15  5   42  52  25  46  54  1   2   21  51  55  11  56  64  63  16  37  48  47  38  26  41  27  65  66  74  61  6   57  75  84  62  58  28  17  87  86  85  97  59  94  79  95  69  96  68  71  78  18  83  88  81  39  77  82  76  89  73  72  67  91  70  19  92  9   8   49  29  93  98  100 60  99  40  7   80  30  10  50  90  20 
25  35  45  36  46  26  44  34  33  27  55  23  17  15  28  56  5   32  37  24  14  22  48  38  18  4   47  16  13  12  53  65  66  43  75  31  57  58  59  69  79  68  3   64  88  8   9   78  52  74  42  29  19  76  84  39  77  67  85  89  87  86  7   21  96  54  97  94  95  83  51  11  6   49  70  63  60  73  99  30  10  98  100 1   72  41  40  2   81  92  93  61  82  80  71  62  20  91  50  90 
26  27  28  17  18  16  25  19  36  35  29  45  38  48  47  8   9   37  7   5   46  15  58  57  68  59  34  33  39  30  55  10  69  23  44  79  78  56  88  6   24  22  77  32  14  67  89  49  4   20  66  65  53  43  76  13  12  86  85  75  70  40  96  97  87  31  98  84  60  99  94  95  100 42  74  52  3   64  83  50  21  80  54  11  51  90  93  92  81  63  73  82  71  72  41  2   1   91  61  62 
27  17  26  28  18  16  19  25  38  29  48  47  8   9   37  35  36  45  7   58  57  59  46  39  79  68  69  10  30  5   15  78  88  34  55  44  77  33  23  6   67  49  56  89  20  76  14  22  32  24  85  96  86  70  87  97  40  4   66  98  12  13  65  94  84  43  60  95  53  99  100 31  75  74  83  80  50  42  3   64  52  21  54  90  81  82  11  93  51  73  92  72  71  63  91  41  2   1   61  62 
28  27  26  18  17  48  47  29  19  38  9   8   37  16  25  58  45  36  35  57  7   39  68  59  69  30  79  10  88  78  15  5   46  77  56  89  49  67  20  44  76  33  34  55  23  97  6   87  86  70  85  40  96  60  84  66  100 99  98  14  95  22  94  24  32  65  74  4   75  53  83  13  12  43  80  50  64  31  42  3   52  90  81  82  93  54  92  73  21  72  71  91  51  11  61  63  62  2   41  1  
19  29  9   8   30  10  28  27  18  39  20  17  26  40  49  48  47  38  37  16  7   25  45  36  57  58  35  69  68  59  79  78  50  88  15  77  46  5   56  67  89  34  23  55  76  44  33  97  96  60  6   87  86  85  70  95  66  84  98  94  100 32  24  22  14  99  65  74  75  4   53  13  12  43  83  80  64  31  90  3   52  42  93  92  54  81  73  82  21  72  71  51  91  11  63  61  2   62  41  1  
30  20  29  9   19  40  8   10  39  28  27  26  18  17  50  49  38  48  47  37  16  60  25  7   58  57  68  69  70  59  79  45  36  35  88  78  46  77  15  67  5   89  56  55  76  33  86  34  87  96  23  97  44  85  84  94  95  98  66  80  100 6   99  14  22  65  24  32  75  74  83  4   43  12  13  64  53  31  90  73  93  92  3   54  82  52  42  81  71  72  21  91  11  51  61  62  63  2   41  1  
31  32  22  33  34  44  23  21  24  12  13  14  4   41  42  52  53  43  35  36  45  51  25  3   11  46  54  15  55  61  5   56  62  1   2   37  64  63  38  71  26  48  47  74  66  65  81  82  27  75  17  28  84  72  57  58  86  73  69  68  79  94  96  87  95  91  59  97  16  85  88  78  83  18  76  39  77  89  67  6   92  93  8   9   49  19  70  29  98  100 60  99  40  7   80  30  10  50  90  20 
32  22  33  23  44  34  31  24  12  13  14  42  4   52  43  53  36  21  35  45  51  25  3   11  46  54  41  15  55  61  5   56  62  1   2   37  64  63  38  71  26  48  47  74  66  65  81  82  27  75  17  28  84  72  57  58  86  73  69  68  79  94  96  87  95  91  59  97  16  85  88  78  83  18  76  39  77  89  67  6   92  93  8   9   49  19  70  29  98  100 60  99  40  7   80  30  10  50  90  20 
44  34  23  33  24  22  14  32  4   43  53  12  13  45  36  31  35  25  3   42  52  46  54  21  51  11  55  5   15  56  37  63  64  41  48  38  47  1   2   26  66  65  61  74  27  62  28  84  17  58  57  75  59  94  79  68  69  97  16  85  86  96  95  87  71  88  83  18  78  77  82  76  81  39  72  67  6   73  89  91  70  92  8   9   93  49  19  29  98  100 60  99  40  7   80  30  10  50  90  20 
44  34  23  33  24  22  14  32  4   43  53  12  13  45  36  31  35  25  3   42  52  46  54  21  51  11  55  5   15  56  37  63  64  41  48  38  47  1   2   26  66  65  61  74  27  62  28  84  17  58  57  75  59  94  79  68  69  97  16  85  86  96  95  87  71  88  83  18  78  77  82  76  81  39  72  67  6   73  89  91  70  92  8   9   93  49  19  29  98  100 60  99  40  7   80  30  10  50  90  20 
45  36  35  25  46  33  55  23  34  44  56  32  14  24  37  22  38  48  26  47  4   27  43  13  12  53  65  66  57  17  58  15  28  75  31  5   69  59  68  79  64  74  52  88  78  3   42  18  39  77  76  84  16  87  97  96  67  95  86  85  89  94  54  21  11  83  51  49  70  8   9   19  29  60  73  99  98  63  100 1   72  41  40  2   7   81  82  61  6   92  93  71  62  80  50  91  30  10  90  20 
45  36  35  25  46  33  55  23  34  44  56  32  14  24  37  22  38  48  26  47  4   27  43  13  12  53  65  66  57  17  58  15  28  75  31  5   69  59  68  79  64  74  52  88  78  3   42  18  39  77  76  84  16  87  97  96  67  95  86  85  89  94  54  21  11  83  51  49  70  8   9   19  29  60  73  99  98  63  100 1   72  41  40  2   7   81  82  61  6   92  93  71  62  80  50  91  30  10  90  20 
37  38  48  47  58  57  68  39  59  79  69  36  45  88  35  78  28  77  27  46  26  49  89  56  18  17  67  25  55  76  97  70  96  85  40  86  87  44  100 33  66  23  84  60  94  95  98  34  99  74  65  29  19  9   8   75  24  22  83  16  14  32  80  50  64  4   12  53  13  43  30  90  7   15  31  5   82  73  93  92  81  10  54  3   52  71  72  42  20  91  21  11  61  51  63  62  6   41  2   1  
47  38  48  37  58  57  69  68  59  79  39  78  88  28  46  77  27  89  67  36  49  17  18  35  45  56  26  76  55  97  40  70  86  87  85  96  25  66  99  100 60  98  95  94  84  74  75  29  19  8   65  9   33  16  23  44  34  83  64  80  50  24  14  22  32  90  7   4   30  10  93  12  13  82  81  73  54  53  43  92  71  15  31  72  5   91  20  42  52  3   61  6   62  21  63  51  11  41  2   1  
39  49  38  48  47  40  37  29  9   19  57  58  69  68  79  50  59  88  78  30  28  77  46  27  36  35  67  45  26  18  17  89  8   10  56  55  76  20  60  97  96  25  85  70  86  87  84  94  95  66  98  100 99  65  75  74  83  33  34  16  23  44  64  80  14  32  24  22  7   90  4   13  92  82  81  93  12  53  73  43  54  72  71  31  15  5   91  52  42  3   61  62  6   63  21  51  11  41  2   1  
40  39  30  50  49  20  38  48  47  9   29  19  37  60  57  58  70  79  68  59  69  78  28  88  10  8   46  77  27  45  36  35  67  26  18  17  89  56  55  76  97  96  87  25  85  86  66  94  95  84  80  98  100 99  65  75  74  16  83  33  34  23  44  64  24  14  7   32  22  90  4   13  92  82  81  93  12  54  73  53  43  72  71  31  15  5   91  3   52  42  61  6   21  62  63  11  51  41  2   1  
41  51  42  52  31  61  71  32  62  22  81  82  33  34  44  23  91  43  53  14  72  21  13  12  24  4   83  73  63  35  45  36  84  93  92  85  97  95  74  94  96  86  87  25  3   46  64  11  54  75  65  77  5   15  88  55  78  66  68  69  2   79  56  59  76  1   58  57  67  37  98  100 26  99  48  47  38  89  27  17  28  16  70  18  60  49  90  39  6   80  19  9   8   29  50  40  7   30  10  20 
42  52  51  22  32  61  33  23  53  34  41  43  44  62  31  12  13  14  24  4   71  81  82  35  36  21  72  45  91  73  3   54  63  25  83  11  46  84  5   92  15  93  55  64  74  56  85  1   94  2   97  96  95  86  87  37  47  75  26  38  48  65  27  77  66  78  28  17  58  57  88  68  69  16  79  59  76  18  67  98  100 99  39  6   89  70  8   9   19  29  49  60  40  7   90  80  30  10  50  20 
53  43  23  33  34  44  14  24  22  32  54  52  4   42  12  13  63  45  36  35  31  51  64  3   25  46  74  84  65  21  87  5   55  97  96  95  94  66  41  11  86  62  15  75  61  85  56  83  37  73  72  76  71  77  1   47  2   38  26  48  82  78  88  27  81  17  93  92  79  68  28  59  58  57  69  91  16  67  98  100 99  18  39  89  6   70  60  49  8   29  9   19  90  7   40  80  50  10  30  20 
44  34  23  33  24  22  14  32  4   43  53  12  13  45  36  31  35  25  3   42  52  46  54  21  51  11  55  5   15  56  37  63  64  41  48  38  47  1   2   26  66  65  61  74  27  62  28  84  17  58  57  75  59  94  79  68  69  97  16  85  86  96  95  87  71  88  83  18  78  77  82  76  81  39  72  67  6   73  89  91  70  92  8   9   93  49  19  29  98  100 60  99  40  7   80  30  10  50  90  20 
45  36  35  25  46  33  55  23  34  44  56  32  14  24  37  22  38  48  26  47  4   27  43  13  12  53  65  66  57  17  58  15  28  75  31  5   69  59  68  79  64  74  52  88  78  3   42  18  39  77  76  84  16  87  97  96  67  95  86  85  89  94  54  21  11  83  51  49  70  8   9   19  29  60  73  99  98  63  100 1   72  41  40  2   7   81  82  61  6   92  93  71  62  80  50  91  30  10  90  20 
46  45  36  35  25  47  48  38  44  37  33  23  55  34  56  24  32  14  22  4   26  57  58  13  12  65  59  68  27  43  69  66  79  53  39  88  78  15  28  75  17  5   31  77  64  49  52  67  89  3   42  18  74  76  16  84  54  21  95  70  87  86  96  97  85  94  40  100 60  51  99  11  98  83  29  19  9   8   73  63  1   50  80  72  2   7   41  6   93  92  82  61  81  90  30  62  71  10  91  20 
47  38  48  37  58  57  69  68  59  79  39  78  88  28  46  77  27  89  67  36  49  17  18  35  45  56  26  76  55  97  40  70  86  87  85  96  25  66  99  100 60  98  95  94  84  74  75  29  19  8   65  9   33  16  23  44  34  83  64  80  50  24  14  22  32  90  7   4   30  10  93  12  13  82  81  73  54  53  43  92  71  15  31  72  5   91  20  42  52  3   61  6   62  21  63  51  11  41  2   1  
47  38  48  37  58  57  69  68  59  79  39  78  88  28  46  77  27  89  67  36  49  17  18  35  45  56  26  76  55  97  40  70  86  87  85  96  25  66  99  100 60  98  95  94  84  74  75  29  19  8   65  9   33  16  23  44  34  83  64  80  50  24  14  22  32  90  7   4   30  10  93  12  13  82  81  73  54  53  43  92  71  15  31  72  5   91  20  42  52  3   61  6   62  21  63  51  11  41  2   1  
49  39  50  59  68  69  79  57  88  58  78  47  48  77  38  40  37  89  60  76  70  85  67  86  87  56  97  96  98  84  94  99  95  55  100 19  9   29  75  74  83  65  66  28  80  27  64  46  30  35  17  18  26  36  45  8   10  90  25  82  81  54  73  92  93  20  72  71  91  34  16  44  23  33  61  14  24  63  62  32  22  4   7   43  13  12  53  5   15  31  51  42  52  3   41  6   21  11  2   1  
50  60  49  70  40  68  69  79  39  59  58  78  57  88  77  89  80  47  48  30  76  38  56  37  67  96  85  86  87  97  55  99  98  84  94  95  100 75  74  20  19  9   83  66  65  29  64  28  90  36  27  35  45  46  17  73  18  81  93  92  82  54  26  10  8   72  71  25  91  44  23  34  33  61  63  16  62  24  22  32  14  4   53  43  12  13  7   51  15  31  5   3   52  42  41  21  11  6   2   1  
51  52  42  61  41  71  62  32  82  81  22  23  43  44  91  33  34  53  72  31  14  13  12  73  24  83  63  4   92  93  84  36  74  45  35  85  96  95  94  87  21  97  86  64  3   25  54  75  65  77  11  46  66  88  78  79  76  55  15  68  59  5   69  67  56  58  57  2   1   98  100 99  37  26  48  47  89  38  27  17  70  28  16  60  49  90  18  39  80  6   50  19  9   8   29  40  7   30  10  20 
42  52  51  22  32  61  33  23  53  34  41  43  44  62  31  12  13  14  24  4   71  81  82  35  36  21  72  45  91  73  3   54  63  25  83  11  46  84  5   92  15  93  55  64  74  56  85  1   94  2   97  96  95  86  87  37  47  75  26  38  48  65  27  77  66  78  28  17  58  57  88  68  69  16  79  59  76  18  67  98  100 99  39  6   89  70  8   9   19  29  49  60  40  7   90  80  30  10  50  20 
53  43  23  33  34  44  14  24  22  32  54  52  4   42  12  13  63  45  36  35  31  51  64  3   25  46  74  84  65  21  87  5   55  97  96  95  94  66  41  11  86  62  15  75  61  85  56  83  37  73  72  76  71  77  1   47  2   38  26  48  82  78  88  27  81  17  93  92  79  68  28  59  58  57  69  91  16  67  98  100 99  18  39  89  6   70  60  49  8   29  9   19  90  7   40  80  50  10  30  20 
54  64  74  84  65  75  86  85  53  94  95  96  97  66  43  87  83  34  44  55  33  23  73  56  76  77  24  88  72  14  78  32  22  63  81  79  82  59  68  69  92  93  4   71  58  13  57  12  67  52  100 99  98  91  31  36  42  35  45  62  89  25  61  3   48  38  46  51  47  70  21  60  37  49  90  15  11  5   41  80  1   39  2   26  50  27  28  17  18  16  40  6   29  19  9   8   7   30  10  20 
55  56  66  65  36  45  35  57  58  75  69  79  59  68  25  64  74  78  88  77  84  76  46  47  54  67  48  38  89  85  94  95  96  86  97  87  37  34  33  44  83  23  70  73  60  14  99  98  100 22  32  24  49  72  26  4   39  82  93  81  92  12  13  43  53  27  63  5   15  28  71  17  31  80  91  50  18  52  3   42  90  62  16  61  21  40  11  51  19  9   8   29  41  7   2   1   6   30  10  20 
56  55  66  57  65  58  75  69  68  59  79  78  45  35  36  88  64  74  77  48  67  76  38  25  84  89  47  85  96  94  46  87  97  37  86  95  54  70  83  99  60  49  44  100 98  34  33  23  73  72  14  22  39  24  32  26  80  81  82  28  92  93  4   71  50  53  43  12  13  63  27  17  5   91  90  15  31  18  62  40  3   42  61  52  16  19  29  21  9   8   51  11  2   1   41  30  7   6   10  20 
58  57  68  79  59  69  88  78  77  89  56  38  67  47  48  55  76  37  85  86  70  87  96  97  49  99  60  100 66  98  95  94  84  65  74  75  83  39  64  80  36  35  28  45  46  50  27  17  18  25  26  90  82  73  81  93  54  92  40  72  71  44  91  34  23  33  19  9   29  8   22  61  14  24  32  16  62  4   63  13  12  43  53  30  31  7   15  5   10  51  52  3   42  20  21  41  11  6   2   1  
58  57  68  79  59  69  88  78  77  89  56  38  67  47  48  55  76  37  85  86  70  87  96  97  49  99  60  100 66  98  95  94  84  65  74  75  83  39  64  80  36  35  28  45  46  50  27  17  18  25  26  90  82  73  81  93  54  92  40  72  71  44  91  34  23  33  19  9   29  8   22  61  14  24  32  16  62  4   63  13  12  43  53  30  31  7   15  5   10  51  52  3   42  20  21  41  11  6   2   1  
68  69  59  79  58  88  57  78  77  89  76  47  67  70  38  56  85  86  87  48  96  97  99  49  37  55  60  100 84  94  95  98  75  74  65  66  83  80  64  50  39  28  90  45  36  35  81  54  92  27  73  46  82  93  26  72  71  17  18  25  91  40  23  61  34  44  33  8   19  63  62  29  9   24  32  16  14  22  4   53  43  12  51  13  7   5   15  30  31  10  3   52  42  20  41  21  11  6   2   1  
60  70  50  59  68  69  79  57  58  88  78  77  89  80  49  76  38  47  48  56  96  97  67  87  86  85  95  84  55  99  98  40  94  37  100 75  74  66  39  65  83  64  36  45  35  90  28  93  27  54  73  82  30  46  81  92  17  26  25  71  18  72  91  20  33  9   29  34  23  44  61  19  63  8   62  24  22  32  16  14  4   43  53  51  12  13  10  15  31  7   5   3   42  52  41  21  11  6   2   1  
61  62  71  81  82  51  91  42  72  52  41  73  83  63  93  84  92  96  85  86  97  87  95  94  74  32  22  64  75  44  43  77  53  34  65  33  23  31  78  66  88  76  59  54  69  68  79  24  12  13  14  4   67  58  57  98  100 55  99  56  36  35  45  21  89  3   70  38  48  47  25  46  11  60  49  37  90  5   15  1   2   80  50  39  28  26  27  17  18  16  40  29  9   8   6   19  7   30  10  20 
62  61  72  73  63  71  82  81  51  42  52  91  74  41  83  84  95  86  87  75  94  85  96  64  97  93  32  22  92  65  66  53  43  76  33  34  54  44  77  23  31  78  88  69  56  59  68  55  79  12  13  14  24  4   67  57  58  99  98  100 35  45  89  21  36  38  25  47  3   48  70  37  60  46  11  49  90  15  5   1   2   80  50  39  28  26  27  17  18  16  40  29  9   8   6   19  7   30  10  20 
63  62  53  64  43  73  61  72  74  84  65  54  95  87  23  44  66  94  33  75  97  71  96  86  34  85  83  82  81  51  42  52  14  24  32  22  91  56  4   55  76  77  88  78  12  13  69  59  68  79  93  45  41  92  36  35  31  57  58  67  25  98  3   99  100 89  46  21  70  38  15  11  5   47  48  60  37  49  90  1   2   26  27  80  50  39  28  17  16  18  6   40  29  9   8   19  7   10  30  20 
64  74  54  65  84  95  94  75  96  66  97  87  86  85  83  73  55  56  76  77  78  72  88  63  82  81  68  79  59  69  92  93  57  67  53  43  58  71  99  100 98  91  36  35  44  45  89  34  62  33  23  61  70  14  22  24  25  32  47  48  38  37  4   60  46  49  90  13  12  51  52  31  42  80  50  39  3   28  26  27  21  41  5   11  18  17  15  40  2   16  1   9   8   29  19  7   30  10  6   20 
65  75  66  64  74  55  84  76  56  95  85  96  97  86  94  87  54  83  77  88  78  69  58  73  57  68  79  59  36  72  35  67  45  81  82  92  93  63  71  89  25  46  99  48  47  100 98  91  38  43  62  53  70  37  49  34  61  60  33  44  23  22  14  32  24  26  80  90  4   39  50  51  12  13  28  27  5   31  15  17  42  52  18  3   16  40  41  21  29  11  9   8   19  7   2   1   30  6   10  20 
66  65  75  56  64  55  74  84  76  85  86  87  94  95  96  97  54  57  83  58  77  78  59  88  68  69  79  73  35  36  67  45  72  81  82  89  48  38  47  92  93  25  63  46  71  37  100 98  91  99  70  23  62  60  44  43  33  53  34  49  61  32  24  22  14  39  80  4   28  26  90  50  12  27  13  51  31  5   15  18  17  42  3   40  52  16  21  29  9   8   41  19  11  7   30  2   1   10  6   20 
67  77  58  88  57  78  68  69  76  79  59  96  87  86  85  97  95  84  94  47  75  74  38  48  89  56  83  55  99  98  65  66  37  100 64  70  49  60  73  81  82  92  93  39  54  36  35  71  72  28  45  80  90  91  50  46  27  26  17  18  25  61  40  62  63  33  23  44  34  43  19  9   53  29  8   16  22  32  51  24  14  4   13  12  7   5   52  30  31  42  15  10  41  3   20  21  11  6   2   1  
68  69  59  79  58  88  57  78  77  89  76  47  67  70  38  56  85  86  87  48  96  97  99  49  37  55  60  100 84  94  95  98  75  74  65  66  83  80  64  50  39  28  90  45  36  35  81  54  92  27  73  46  82  93  26  72  71  17  18  25  91  40  23  61  34  44  33  8   19  63  62  29  9   24  32  16  14  22  4   53  43  12  51  13  7   5   15  30  31  10  3   52  42  20  41  21  11  6   2   1  
68  69  59  79  58  88  57  78  77  89  76  47  67  70  38  56  85  86  87  48  96  97  99  49  37  55  60  100 84  94  95  98  75  74  65  66  83  80  64  50  39  28  90  45  36  35  81  54  92  27  73  46  82  93  26  72  71  17  18  25  91  40  23  61  34  44  33  8   19  63  62  29  9   24  32  16  14  22  4   53  43  12  51  13  7   5   15  30  31  10  3   52  42  20  41  21  11  6   2   1  
70  60  59  68  69  79  57  58  88  78  80  50  77  89  76  85  47  48  56  96  97  87  86  38  67  95  94  84  98  55  99  49  37  100 75  74  65  83  66  90  64  39  40  28  35  36  45  46  93  92  82  81  73  54  27  17  72  71  18  26  25  91  23  61  44  33  30  34  9   8   29  63  62  19  14  22  16  32  24  53  43  4   20  13  51  12  15  31  5   7   10  42  52  3   41  21  11  6   2   1  
71  81  82  61  91  83  72  62  93  92  84  51  73  95  97  74  96  87  86  85  94  75  52  42  64  65  41  77  88  78  66  63  54  69  68  76  79  59  67  57  58  56  55  99  100 98  22  32  89  44  43  23  53  34  33  70  31  38  47  48  14  12  13  49  60  37  24  35  36  90  4   45  25  21  80  50  39  46  3   28  27  11  26  18  17  5   15  40  2   1   9   8   29  19  16  7   30  10  6   20 
72  73  62  81  82  71  74  61  91  84  85  86  87  64  75  94  95  96  97  83  63  65  66  77  51  54  92  76  93  52  42  88  78  79  56  55  69  68  59  57  67  58  99  100 98  41  89  22  43  32  53  45  70  35  38  47  48  36  34  23  49  44  37  33  60  25  31  90  24  14  13  12  46  4   80  50  39  28  21  27  3   26  18  17  11  5   40  15  2   8   9   1   19  29  16  7   30  10  6   20 
73  72  74  62  81  82  84  71  75  83  85  86  64  97  96  95  87  94  91  65  63  61  66  54  76  77  78  93  92  88  51  69  68  79  55  59  56  57  67  52  58  42  99  100 98  89  43  41  53  45  70  35  36  47  48  38  37  22  60  32  49  25  44  33  34  90  23  46  24  80  14  31  50  39  4   12  13  28  27  26  21  18  17  3   5   15  40  11  9   8   19  29  16  2   1   7   30  10  6   20 
74  84  86  97  96  95  94  75  85  64  87  83  65  66  76  54  77  73  78  88  72  93  92  59  79  82  55  56  81  69  68  58  57  71  67  99  100 98  91  63  62  89  61  38  48  47  53  45  36  35  70  43  49  37  60  90  33  44  34  23  25  51  46  80  22  24  32  14  50  4   39  12  13  52  28  42  27  31  41  26  18  17  3   15  40  5   21  9   19  11  29  8   16  2   1   30  7   10  6   20 
75  65  66  74  76  84  64  86  85  95  97  96  94  87  56  83  55  77  88  78  73  68  79  69  54  59  57  67  58  72  82  92  93  81  36  45  71  89  35  99  91  98  100 47  48  70  62  25  38  63  37  46  60  61  49  53  43  34  33  23  44  80  90  50  51  39  32  14  24  22  4   28  26  12  13  27  5   15  17  52  18  31  42  41  40  3   16  9   21  29  19  8   11  2   1   7   30  10  6   20 
76  77  75  78  88  69  79  65  59  68  67  66  85  74  58  57  96  97  87  86  84  94  95  89  64  56  99  100 83  98  55  70  48  47  38  49  60  54  73  37  72  82  92  93  81  36  90  45  35  80  71  91  50  39  63  25  28  62  61  27  46  18  43  53  17  26  44  34  33  23  40  24  22  14  32  51  9   19  4   29  8   16  12  13  5   52  31  42  15  41  30  7   3   10  21  20  11  6   2   1  
77  88  78  79  69  68  59  76  57  87  86  85  67  96  97  58  94  84  95  89  74  75  65  99  100 98  83  47  70  56  66  38  64  48  37  55  60  49  82  92  93  81  54  73  71  72  90  80  91  50  39  28  35  45  36  46  27  61  26  63  62  25  18  17  43  53  40  23  51  33  34  44  9   29  19  8   16  22  24  32  14  4   42  52  41  12  13  30  7   5   15  31  10  3   20  21  11  6   2   1  
88  78  68  77  69  59  79  57  58  76  67  89  96  87  86  85  97  99  100 84  95  98  94  75  74  70  56  38  48  47  83  37  55  49  65  60  64  66  80  90  92  54  73  82  93  81  50  39  45  72  71  36  35  28  91  46  27  17  18  26  25  61  62  63  40  33  44  34  23  8   9   29  53  43  19  14  16  51  22  24  32  4   13  12  52  42  15  30  31  7   5   10  41  3   20  21  11  6   2   1  
68  69  59  79  58  88  57  78  77  89  76  47  67  70  38  56  85  86  87  48  96  97  99  49  37  55  60  100 84  94  95  98  75  74  65  66  83  80  64  50  39  28  90  45  36  35  81  54  92  27  73  46  82  93  26  72  71  17  18  25  91  40  23  61  34  44  33  8   19  63  62  29  9   24  32  16  14  22  4   53  43  12  51  13  7   5   15  30  31  10  3   52  42  20  41  21  11  6   2   1  
80  70  90  79  59  69  68  60  58  88  78  57  77  89  50  98  76  99  100 86  97  47  85  87  67  38  48  96  56  94  95  37  55  84  49  75  74  65  66  83  64  39  35  36  28  45  54  93  92  46  73  82  27  81  40  17  71  18  72  25  26  91  34  33  44  61  23  8   63  19  9   29  62  14  16  32  30  24  22  4   43  53  13  51  12  5   20  7   15  31  10  3   52  42  41  21  11  6   2   1  
81  82  71  91  83  61  72  93  92  84  73  85  86  87  62  74  95  96  97  94  51  64  75  65  77  88  66  42  78  52  59  79  41  76  69  54  68  63  57  58  67  99  55  56  100 98  89  22  32  47  48  70  38  44  23  60  34  49  43  33  53  37  35  45  90  31  36  14  13  12  24  25  80  4   50  39  46  28  21  27  3   26  18  17  11  40  5   15  2   8   9   1   19  29  16  7   30  10  20  6  
81  82  71  91  83  61  72  93  92  84  73  85  86  87  62  74  95  96  97  94  51  64  75  65  77  88  66  42  78  52  59  79  41  76  69  54  68  63  57  58  67  99  55  56  100 98  89  22  32  47  48  70  38  44  23  60  34  49  43  33  53  37  35  45  90  31  36  14  13  12  24  25  80  4   50  39  46  28  21  27  3   26  18  17  11  40  5   15  2   8   9   1   19  29  16  7   30  10  20  6  
83  84  74  97  96  95  94  85  87  86  81  93  92  82  71  75  64  65  91  77  73  66  88  78  79  76  68  72  59  61  54  69  57  58  67  56  55  99  100 98  62  89  51  63  47  48  70  38  37  60  49  90  53  35  36  45  43  42  52  41  34  25  23  80  44  33  50  39  46  32  28  24  22  14  4   27  12  13  26  17  18  31  40  3   5   15  8   29  19  9   16  21  11  7   30  2   10  1   20  6  
84  97  96  95  94  74  87  86  85  83  64  75  65  77  66  78  88  54  82  81  59  79  69  68  76  92  93  73  71  72  58  67  57  99  100 55  56  91  98  89  61  48  47  70  63  38  62  37  49  60  90  53  45  36  43  35  51  44  33  25  23  80  34  50  46  39  42  32  14  28  24  22  52  41  4   27  12  13  17  18  26  31  40  3   19  15  29  9   8   5   21  16  11  30  7   2   10  1   20  6  
86  97  96  85  87  84  95  94  74  77  83  78  64  75  88  79  76  68  69  65  59  66  58  67  57  99  54  100 73  98  81  82  93  92  71  72  89  55  91  56  70  38  47  48  49  61  37  60  63  62  90  45  36  35  53  80  43  50  51  39  23  28  33  34  25  44  27  46  22  42  32  14  17  18  26  24  52  4   41  13  12  40  31  8   19  29  9   3   16  15  5   21  7   11  30  10  20  2   1   6  
86  97  96  85  87  84  95  94  74  77  83  78  64  75  88  79  76  68  69  65  59  66  58  67  57  99  54  100 73  98  81  82  93  92  71  72  89  55  91  56  70  38  47  48  49  61  37  60  63  62  90  45  36  35  53  80  43  50  51  39  23  28  33  34  25  44  27  46  22  42  32  14  17  18  26  24  52  4   41  13  12  40  31  8   19  29  9   3   16  15  5   21  7   11  30  10  20  2   1   6  
86  97  96  85  87  84  95  94  74  77  83  78  64  75  88  79  76  68  69  65  59  66  58  67  57  99  54  100 73  98  81  82  93  92  71  72  89  55  91  56  70  38  47  48  49  61  37  60  63  62  90  45  36  35  53  80  43  50  51  39  23  28  33  34  25  44  27  46  22  42  32  14  17  18  26  24  52  4   41  13  12  40  31  8   19  29  9   3   16  15  5   21  7   11  30  10  20  2   1   6  
88  78  68  77  69  59  79  57  58  76  67  89  96  87  86  85  97  99  100 84  95  98  94  75  74  70  56  38  48  47  83  37  55  49  65  60  64  66  80  90  92  54  73  82  93  81  50  39  45  72  71  36  35  28  91  46  27  17  18  26  25  61  62  63  40  33  44  34  23  8   9   29  53  43  19  14  16  51  22  24  32  4   13  12  52  42  15  30  31  7   5   10  41  3   20  21  11  6   2   1  
89  59  79  69  68  78  88  100 57  99  98  58  77  76  67  56  70  48  38  47  87  97  85  86  96  84  37  49  60  55  90  94  95  74  75  65  66  83  64  80  50  39  35  36  28  45  46  81  82  92  27  93  54  73  17  18  72  25  71  26  91  40  44  34  33  23  61  19  8   9   62  63  29  14  32  24  22  16  4   43  53  51  13  12  5   15  30  31  7   10  3   42  52  20  41  21  11  6   2   1  
90  100 98  99  80  89  78  88  59  77  79  69  68  86  97  87  58  96  85  57  94  95  76  84  74  67  70  83  47  56  38  64  75  48  65  37  60  55  49  66  73  81  82  54  92  93  72  71  91  50  39  28  35  45  36  46  27  61  26  63  62  25  18  17  43  53  40  23  51  33  34  44  9   29  19  8   16  22  24  32  14  4   42  52  41  12  13  30  7   5   15  31  10  3   20  21  11  6   2   1  
91  81  82  71  83  61  72  93  92  84  73  85  86  87  62  74  95  96  97  94  51  64  75  65  77  88  66  42  78  52  59  79  41  76  69  54  68  63  57  58  67  99  55  56  100 98  89  22  32  47  48  70  38  44  23  60  34  49  43  33  53  37  35  45  90  31  36  14  13  12  24  25  80  4   50  39  46  28  21  27  3   26  18  17  11  40  5   15  2   8   9   1   19  29  16  7   30  10  20  6  
93  92  83  95  94  81  82  84  86  71  97  96  87  74  85  91  75  64  61  65  77  78  72  73  88  66  54  59  79  69  76  68  57  58  62  67  56  55  51  99  100 98  89  42  63  38  47  48  52  70  49  37  60  41  90  35  53  36  45  43  25  23  80  44  34  33  50  39  32  46  22  14  28  24  27  4   17  18  13  26  31  12  40  3   5   21  19  8   29  15  9   16  11  7   30  2   10  1   20  6  
93  92  83  95  94  81  82  84  86  71  97  96  87  74  85  91  75  64  61  65  77  78  72  73  88  66  54  59  79  69  76  68  57  58  62  67  56  55  51  99  100 98  89  42  63  38  47  48  52  70  49  37  60  41  90  35  53  36  45  43  25  23  80  44  34  33  50  39  32  46  22  14  28  24  27  4   17  18  13  26  31  12  40  3   5   21  19  8   29  15  9   16  11  7   30  2   10  1   20  6  
95  94  84  97  96  85  86  87  74  83  77  75  64  88  78  65  79  76  66  68  69  59  92  93  82  73  54  57  67  81  58  99  100 72  98  71  56  89  55  91  47  38  61  48  70  49  37  62  63  60  90  45  43  53  35  36  51  80  50  44  23  39  34  33  25  46  28  14  52  24  27  22  32  42  26  4   41  18  17  13  12  31  40  3   19  8   29  9   5   15  16  21  11  7   30  10  2   1   20  6  
95  94  84  97  96  85  86  87  74  83  77  75  64  88  78  65  79  76  66  68  69  59  92  93  82  73  54  57  67  81  58  99  100 72  98  71  56  89  55  91  47  38  61  48  70  49  37  62  63  60  90  45  43  53  35  36  51  80  50  44  23  39  34  33  25  46  28  14  52  24  27  22  32  42  26  4   41  18  17  13  12  31  40  3   19  8   29  9   5   15  16  21  11  7   30  10  2   1   20  6  
86  97  96  85  87  84  95  94  74  77  83  78  64  75  88  79  76  68  69  65  59  66  58  67  57  99  54  100 73  98  81  82  93  92  71  72  89  55  91  56  70  38  47  48  49  61  37  60  63  62  90  45  36  35  53  80  43  50  51  39  23  28  33  34  25  44  27  46  22  42  32  14  17  18  26  24  52  4   41  13  12  40  31  8   19  29  9   3   16  15  5   21  7   11  30  10  20  2   1   6  
86  97  96  85  87  84  95  94  74  77  83  78  64  75  88  79  76  68  69  65  59  66  58  67  57  99  54  100 73  98  81  82  93  92  71  72  89  55  91  56  70  38  47  48  49  61  37  60  63  62  90  45  36  35  53  80  43  50  51  39  23  28  33  34  25  44  27  46  22  42  32  14  17  18  26  24  52  4   41  13  12  40  31  8   19  29  9   3   16  15  5   21  7   11  30  10  20  2   1   6  
100 98  99  89  78  88  90  77  79  59  68  69  87  97  96  58  57  85  86  84  94  76  95  74  67  83  56  47  38  64  75  70  48  49  55  65  60  37  80  66  81  82  54  92  93  73  72  71  91  50  39  28  35  45  36  46  27  61  26  63  62  25  18  17  43  53  40  23  51  33  34  44  9   29  19  8   16  22  24  32  14  4   42  52  41  12  13  30  7   5   15  31  10  3   20  21  11  6   2   1  
100 98  99  89  78  88  90  77  79  59  68  69  87  97  96  58  57  85  86  84  94  76  95  74  67  83  56  47  38  64  75  70  48  49  55  65  60  37  80  66  81  82  54  92  93  73  72  71  91  50  39  28  35  45  36  46  27  61  26  63  62  25  18  17  43  53  40  23  51  33  34  44  9   29  19  8   16  22  24  32  14  4   42  52  41  12  13  30  7   5   15  31  10  3   20  21  11  6   2   1  
100 98  99  89  78  88  90  77  79  59  68  69  87  97  96  58  57  85  86  84  94  76  95  74  67  83  56  47  38  64  75  70  48  49  55  65  60  37  80  66  81  82  54  92  93  73  72  71  91  50  39  28  35  45  36  46  27  61  26  63  62  25  18  17  43  53  40  23  51  33  34  44  9   29  19  8   16  22  24  32  14  4   42  52  41  12  13  30  7   5   15  31  10  3   20  21  11  6   2   1  
