1   12  11  14  13  22  21  4   23  34  33  2   15  24  5   3   25  16  31  44  26  32  53  54  43  41  42  52  62  45  46  48  47  35  6   91  36  72  51  82  81  63  57  58  17  71  27  7   8   55  64  75  65  74  9   49  92  18  19  76  61  38  37  84  29  66  83  68  73  50  60  59  56  78  39  93  88  30  67  86  70  28  20  89  95  96  98  10  69  85  87  77  40  80  79  94  97  99  90  100
2   3   1   12  11  4   14  13  21  22  5   23  34  33  15  24  25  44  6   16  31  26  32  27  43  53  17  54  7   52  62  42  35  48  47  46  45  8   41  82  81  51  63  36  9   72  18  19  91  58  57  71  55  29  74  65  64  38  75  92  37  49  61  76  39  84  83  66  30  68  73  50  56  60  59  28  20  78  10  88  93  70  86  67  40  89  95  96  98  69  87  85  77  80  79  99  94  97  90  100
3   2   4   13  14  11  12  1   5   23  34  33  24  22  21  15  25  16  6   44  26  32  7   43  53  27  54  17  46  35  45  47  52  8   62  48  42  82  51  63  81  36  9   18  72  31  19  91  57  58  71  55  49  37  41  38  75  29  92  64  65  74  61  76  39  68  84  30  66  83  73  50  56  60  59  28  20  78  10  88  93  70  86  67  40  89  95  96  98  69  87  85  77  80  79  99  94  97  90  100
4   14  13  5   12  11  1   15  25  23  3   33  6   16  34  26  24  22  21  27  17  7   8   2   44  32  9   36  19  18  54  53  43  47  48  42  62  35  45  52  46  51  91  82  81  63  37  29  38  72  31  71  57  58  39  55  75  65  64  92  30  49  41  74  61  28  76  20  83  84  66  10  68  50  60  59  56  40  73  78  93  88  70  67  86  89  98  96  95  87  85  77  69  80  79  99  94  97  90  100
5   15  25  26  4   6   16  17  27  7   8   14  13  36  18  9   19  11  12  1   35  23  45  3   37  48  29  47  46  38  34  24  33  39  21  57  58  22  55  30  44  2   28  49  32  20  43  10  53  54  62  42  40  68  52  82  63  91  72  81  50  60  59  31  56  51  78  71  88  92  41  74  75  70  67  66  65  64  76  61  89  69  77  98  79  80  83  84  97  99  73  90  100 93  86  87  95  96  85  94 
6   7   27  17  8   18  5   9   19  15  37  38  29  25  16  26  4   39  30  13  36  28  14  48  47  35  45  46  20  10  12  11  58  57  40  1   55  23  3   33  24  49  34  22  21  44  68  2   60  59  56  54  50  32  53  43  78  52  42  62  88  75  74  82  72  70  31  66  65  64  63  91  51  67  81  71  89  76  98  77  69  79  84  92  41  80  99  97  90  83  61  100 73  86  87  85  93  95  96  94 
17  27  7   8   19  9   6   18  29  16  26  37  38  5   39  15  30  25  28  36  20  45  48  4   46  47  35  10  40  58  57  14  13  55  49  12  11  33  44  34  1   24  23  3   68  59  60  56  54  50  78  22  21  88  32  70  2   67  66  65  64  74  75  43  53  89  42  52  62  76  91  98  82  81  77  51  63  72  69  31  79  80  71  84  97  90  99  100 83  92  41  73  61  86  87  85  95  96  93  94 
8   17  18  9   7   27  19  6   29  26  37  38  39  16  5   30  15  28  20  25  10  36  40  48  45  4   46  47  35  58  57  14  13  55  49  12  11  33  44  34  1   24  23  3   68  59  60  56  54  50  78  22  21  88  32  70  2   67  66  65  64  74  75  43  53  89  42  52  62  76  91  98  82  81  77  51  63  72  69  31  79  80  71  84  97  90  99  100 83  92  41  73  61  86  87  85  95  96  93  94 
19  9   8   27  7   18  17  29  6   39  30  26  16  37  38  5   20  15  28  10  40  25  36  35  45  46  47  48  4   49  57  58  13  14  55  11  12  1   60  59  44  50  34  33  24  3   68  23  54  56  21  70  78  22  32  88  66  69  65  75  67  64  43  2   53  74  62  89  52  80  42  76  77  81  63  82  90  51  91  31  98  72  84  71  79  99  100 97  83  73  92  41  61  86  87  85  95  96  93  94 
10  20  9   19  8   30  18  27  7   17  29  6   39  16  26  37  38  5   40  28  15  25  36  48  46  47  35  45  4   57  49  58  55  14  13  50  11  60  12  59  44  1   34  33  68  3   24  23  56  70  54  21  22  78  32  88  69  80  74  75  67  66  65  43  53  64  2   62  76  52  89  42  90  82  81  91  98  100 51  31  72  63  99  77  79  84  71  83  97  73  92  41  61  86  87  95  96  85  93  94 
12  11  1   14  13  22  21  4   23  34  33  15  24  5   2   3   25  16  31  44  26  32  53  54  43  41  42  52  62  45  46  48  47  35  6   91  36  72  51  82  81  63  57  58  17  71  27  7   8   55  64  75  65  74  9   49  92  18  19  76  61  38  37  84  29  66  83  68  73  50  60  59  56  78  39  93  88  30  67  86  70  28  20  89  95  96  98  10  69  85  87  77  40  80  79  94  97  99  90  100
12  11  1   14  13  22  21  4   23  34  33  15  24  5   2   3   25  16  31  44  26  32  53  54  43  41  42  52  62  45  46  48  47  35  6   91  36  72  51  82  81  63  57  58  17  71  27  7   8   55  64  75  65  74  9   49  92  18  19  76  61  38  37  84  29  66  83  68  73  50  60  59  56  78  39  93  88  30  67  86  70  28  20  89  95  96  98  10  69  85  87  77  40  80  79  94  97  99  90  100
14  13  11  12  1   4   23  34  33  24  22  21  15  25  3   5   26  16  44  32  54  43  53  47  45  46  52  42  62  48  35  2   6   72  36  63  82  81  91  51  31  71  58  57  7   17  27  8   55  92  9   49  18  19  41  75  64  65  74  61  76  38  37  68  84  66  29  83  73  50  60  59  56  78  39  93  88  30  67  86  70  28  20  89  95  96  98  10  69  85  87  77  40  80  79  94  97  99  90  100
14  13  11  12  1   4   23  34  33  24  22  21  15  25  3   5   26  16  44  32  54  43  53  47  45  46  52  42  62  48  35  2   6   72  36  63  82  81  91  51  31  71  58  57  7   17  27  8   55  92  9   49  18  19  41  75  64  65  74  61  76  38  37  68  84  66  29  83  73  50  60  59  56  78  39  93  88  30  67  86  70  28  20  89  95  96  98  10  69  85  87  77  40  80  79  94  97  99  90  100
15  25  16  5   26  6   13  14  36  4   7   27  17  8   12  11  46  45  47  48  35  1   9   18  19  23  24  57  58  33  34  55  38  22  37  29  21  49  3   44  39  30  32  68  54  53  43  28  56  60  62  59  50  42  52  20  2   51  78  72  91  82  81  10  31  63  40  88  71  75  74  64  66  65  70  67  89  92  76  41  98  77  69  61  84  79  80  99  97  83  90  100 73  93  86  87  95  96  85  94 
26  16  15  25  5   36  27  17  7   8   9   6   18  19  4   13  14  35  47  45  48  46  12  38  37  11  29  57  58  1   24  23  39  55  33  34  49  30  22  28  21  3   44  20  68  10  60  59  56  54  50  40  32  53  43  78  52  42  88  62  2   74  72  81  70  82  64  66  65  75  63  31  91  67  51  89  76  71  69  98  77  41  79  80  84  92  97  99  90  100 83  61  73  86  87  93  95  96  85  94 
17  27  7   8   19  9   6   18  29  16  26  37  38  5   39  15  30  25  28  36  20  45  48  4   46  47  35  10  40  58  57  14  13  55  49  12  11  33  44  34  1   24  23  3   68  59  60  56  54  50  78  22  21  88  32  70  2   67  66  65  64  74  75  43  53  89  42  52  62  76  91  98  82  81  77  51  63  72  69  31  79  80  71  84  97  90  99  100 83  92  41  73  61  86  87  85  95  96  93  94 
18  8   17  9   7   27  19  6   29  26  37  38  39  16  5   28  30  15  20  25  10  36  40  48  45  4   46  47  35  58  57  14  13  55  49  12  11  33  44  34  1   24  23  3   68  59  60  56  54  50  78  22  21  88  32  70  2   67  66  65  64  74  75  43  53  89  42  52  62  76  91  98  82  81  77  51  63  72  69  31  79  80  71  84  97  90  99  100 83  92  41  73  61  86  87  85  95  96  93  94 
19  9   8   27  7   18  17  29  6   39  30  26  16  37  38  5   20  15  28  10  40  25  36  35  45  46  47  48  4   49  57  58  13  14  55  11  12  1   60  59  44  50  34  33  24  3   68  23  54  56  21  70  78  22  32  88  66  69  65  75  67  64  43  2   53  74  62  89  52  80  42  76  77  81  63  82  90  51  91  31  98  72  84  71  79  99  100 97  83  73  92  41  61  86  87  85  95  96  93  94 
20  30  10  29  9   19  8   18  17  39  27  7   40  6   38  28  37  16  26  5   15  25  36  35  49  47  46  48  45  4   50  57  60  58  55  59  14  13  70  33  34  44  12  11  68  1   23  24  3   80  54  56  69  78  90  100 21  22  99  32  88  74  53  64  65  66  67  75  43  89  76  98  42  2   52  62  82  31  72  51  91  77  63  81  84  97  79  71  83  41  92  73  61  86  87  95  96  85  93  94 
22  21  11  12  1   31  14  13  32  23  41  33  34  4   24  15  44  2   3   5   25  51  26  43  53  54  16  47  46  35  45  52  62  42  48  81  72  82  63  91  58  71  6   57  36  55  61  49  17  65  64  7   27  92  75  74  38  76  8   37  9   19  18  83  84  66  68  73  50  60  59  56  78  29  39  93  88  70  67  86  89  30  28  96  98  95  85  69  77  87  80  20  79  40  90  10  94  97  99  100
22  21  11  12  1   31  14  13  32  23  41  33  34  4   24  15  44  2   3   5   25  51  26  43  53  54  16  47  46  35  45  52  62  42  48  81  72  82  63  91  58  71  6   57  36  55  61  49  17  65  64  7   27  92  75  74  38  76  8   37  9   19  18  83  84  66  68  73  50  60  59  56  78  29  39  93  88  70  67  86  89  30  28  96  98  95  85  69  77  87  80  20  79  40  90  10  94  97  99  100
23  33  34  24  14  44  13  32  11  12  43  54  53  48  42  45  52  46  35  1   62  4   47  21  22  91  72  63  51  82  31  81  57  71  58  15  55  74  75  49  65  64  41  5   25  3   92  61  37  36  26  76  16  38  68  83  84  66  73  50  59  56  60  6   2   78  39  7   27  93  88  17  67  29  70  86  8   9   18  19  28  89  69  95  96  85  98  87  77  80  79  30  40  94  97  99  90  100 20  10 
24  34  33  23  44  32  43  54  13  14  53  42  46  47  48  35  45  62  52  31  51  91  12  82  63  72  81  11  57  4   1   71  25  58  55  15  22  21  49  65  64  41  74  92  75  61  37  36  26  76  16  5   38  3   68  83  84  66  73  50  59  56  60  6   78  39  2   7   27  93  88  17  8   67  29  70  86  9   18  19  28  89  69  95  96  85  98  87  77  80  79  30  40  94  97  99  90  100 20  10 
25  15  26  16  5   36  14  13  4   6   46  35  48  47  17  45  7   27  12  8   11  24  34  33  57  58  1   9   18  19  23  55  49  44  38  37  22  29  21  3   32  53  68  54  43  39  59  56  60  62  52  50  42  30  51  91  78  31  28  72  82  63  81  88  2   71  20  67  65  75  70  10  74  66  64  92  76  40  41  89  98  69  61  77  79  80  84  97  90  99  83  100 73  86  93  87  85  95  96  94 
26  16  15  25  5   36  27  17  7   8   9   6   18  19  4   13  14  35  47  45  48  46  12  38  37  11  29  57  58  1   24  23  39  55  33  34  49  30  22  28  21  3   44  20  68  10  60  59  56  54  50  40  32  53  43  78  52  42  88  62  2   74  72  81  70  82  64  66  65  75  63  31  91  67  51  89  76  71  69  98  77  41  79  80  84  92  97  99  90  100 83  61  73  86  87  93  95  96  85  94 
17  27  7   8   19  9   6   18  29  16  26  37  38  5   39  15  30  25  28  36  20  45  48  4   46  47  35  10  40  58  57  14  13  55  49  12  11  33  44  34  1   24  23  3   68  59  60  56  54  50  78  22  21  88  32  70  2   67  66  65  64  74  75  43  53  89  42  52  62  76  91  98  82  81  77  51  63  72  69  31  79  80  71  84  97  90  99  100 83  92  41  73  61  86  87  85  95  96  93  94 
28  29  38  37  39  18  17  27  19  8   7   30  9   6   47  35  45  46  48  36  40  26  57  58  20  16  55  5   49  15  25  34  44  10  33  24  23  4   68  56  59  60  54  50  78  32  88  14  13  74  70  67  66  65  53  64  43  75  42  62  12  11  89  52  76  91  77  82  98  81  72  1   69  63  51  31  71  79  80  3   84  100 90  21  22  99  97  83  92  73  41  61  2   86  87  85  95  96  93  94 
29  39  30  19  9   8   27  18  17  7   37  38  28  6   40  20  16  26  35  47  46  45  49  5   48  10  36  15  57  58  25  55  59  60  50  4   33  34  44  23  70  14  13  68  24  56  54  78  69  12  11  80  88  1   32  90  43  3   53  75  74  64  65  66  67  52  89  76  100 99  62  42  22  98  91  51  31  82  81  77  21  72  63  71  84  79  83  97  2   92  73  41  61  86  87  95  96  85  93  94 
30  29  20  39  9   19  40  8   27  7   17  18  38  37  28  10  6   26  16  45  46  47  48  5   49  35  36  15  60  58  57  50  25  55  59  4   70  44  33  34  68  24  14  13  23  80  56  54  78  69  12  11  90  88  1   100 99  32  43  3   53  64  65  66  67  75  74  98  89  76  52  42  62  72  51  91  82  81  21  22  77  63  31  97  84  71  79  2   83  41  92  73  61  86  87  85  95  96  93  94 
31  32  41  21  22  33  34  24  23  51  42  62  52  11  43  44  82  81  72  53  91  12  71  1   61  63  54  14  13  46  47  48  35  45  92  4   57  58  55  83  65  49  64  25  75  84  74  73  38  37  36  76  15  2   3   5   93  16  68  66  26  50  59  60  56  39  78  6   7   17  27  88  29  67  70  8   86  85  94  9   89  18  19  28  77  87  98  69  96  95  30  79  80  40  97  100 90  99  20  10 
32  31  33  34  23  24  41  44  22  21  54  13  14  53  52  43  42  62  35  45  46  47  72  48  51  81  82  91  63  12  71  11  58  4   57  1   55  92  49  61  65  64  74  25  75  36  37  38  76  15  83  5   3   26  73  16  84  68  66  50  59  56  60  93  78  39  2   6   27  7   88  17  8   67  29  70  86  9   18  19  28  89  69  95  96  85  98  87  77  80  79  30  40  94  97  99  90  100 20  10 
33  34  24  23  44  32  43  14  13  53  54  48  42  52  45  35  47  46  62  72  31  11  81  51  82  12  91  63  58  1   4   57  71  21  55  22  49  25  74  75  65  64  41  92  61  37  36  76  15  38  5   3   68  26  16  83  84  66  73  50  59  56  60  39  78  2   6   27  93  88  17  7   8   67  29  70  86  9   18  19  28  89  69  95  96  85  98  87  77  80  79  30  40  94  97  99  90  100 20  10 
33  34  24  23  44  32  43  14  13  53  54  48  42  52  45  35  47  46  62  72  31  11  81  51  82  12  91  63  58  1   4   57  71  21  55  22  49  25  74  75  65  64  41  92  61  37  36  76  15  38  5   3   68  26  16  83  84  66  73  50  59  56  60  39  78  2   6   27  93  88  17  7   8   67  29  70  86  9   18  19  28  89  69  95  96  85  98  87  77  80  79  30  40  94  97  99  90  100 20  10 
47  35  45  46  48  58  57  55  49  36  38  37  44  34  33  68  24  23  54  56  59  60  25  50  15  26  78  39  16  7   17  88  27  32  65  13  5   66  67  70  75  8   53  64  74  43  29  14  28  19  62  76  18  6   89  9   42  52  72  12  11  69  98  31  81  63  77  51  91  82  79  80  84  1   71  4   40  30  97  90  83  100 22  21  99  92  73  41  61  3   86  20  87  85  95  96  10  93  94  2  
36  26  16  46  47  48  45  35  37  38  15  57  25  58  55  5   27  49  17  7   39  8   19  34  33  44  9   18  6   23  24  14  13  68  4   29  56  28  59  60  54  50  12  11  78  88  1   40  32  30  74  75  43  53  70  67  66  65  64  89  76  42  62  52  63  98  91  82  77  51  72  81  22  31  69  21  71  3   79  80  20  84  97  100 10  99  83  90  92  73  41  61  2   86  87  95  96  85  93  94 
37  38  39  48  17  27  47  46  7   45  35  29  36  8   9   58  57  28  6   18  19  55  30  49  40  26  16  5   44  33  34  23  15  68  24  54  56  59  60  50  25  78  20  88  4   32  43  75  74  70  67  53  14  13  66  65  10  64  76  62  89  42  52  81  82  72  51  91  69  12  11  77  63  31  98  80  79  84  1   71  97  21  22  90  83  99  100 73  92  41  3   61  86  87  85  95  96  2   93  94 
37  38  39  48  17  27  47  46  7   45  35  29  36  8   9   58  57  28  6   18  19  55  30  49  40  26  16  5   44  33  34  23  15  68  24  54  56  59  60  50  25  78  20  88  4   32  43  75  74  70  67  53  14  13  66  65  10  64  76  62  89  42  52  81  82  72  51  91  69  12  11  77  63  31  98  80  79  84  1   71  97  21  22  90  83  99  100 73  92  41  3   61  86  87  85  95  96  2   93  94 
39  29  38  37  30  40  9   19  8   7   18  27  17  28  46  35  47  6   49  48  45  20  36  57  58  26  16  55  50  60  59  5   15  10  44  33  34  25  23  70  24  68  54  4   56  78  69  32  80  88  74  65  75  67  53  14  13  90  66  43  64  76  89  100 62  52  99  42  98  91  11  63  81  12  77  82  31  51  72  84  71  1   79  97  3   22  21  83  73  92  41  61  86  2   87  85  95  96  93  94 
40  39  30  29  50  37  60  38  9   19  8   27  20  18  17  70  7   28  49  48  6   45  35  47  46  36  80  57  90  58  59  55  99  100 16  26  10  5   98  15  34  69  44  33  25  23  24  68  97  4   88  54  56  89  78  79  32  75  74  65  66  64  67  13  53  43  14  62  52  42  76  31  96  95  91  63  81  82  72  11  77  51  12  71  87  1   84  21  83  3   86  22  73  92  41  61  85  2   93  94 
41  31  51  62  42  32  52  91  81  82  72  43  53  71  63  61  21  22  33  92  34  23  24  12  54  44  83  11  73  75  64  65  74  1   84  14  13  76  93  48  47  46  45  35  66  57  4   58  55  25  49  56  67  86  37  38  15  85  36  94  5   3   2   87  95  96  16  77  68  26  50  60  59  39  78  17  88  6   7   27  70  8   29  28  89  9   18  19  97  98  69  30  80  79  40  99  90  100 20  10 
42  52  62  72  51  43  53  82  81  91  71  63  92  61  33  34  41  54  83  24  23  84  75  65  64  74  73  31  32  76  44  93  13  14  66  47  45  46  48  35  55  11  12  4   58  57  56  1   85  86  67  22  21  49  25  94  96  36  95  77  38  15  87  37  5   3   26  16  68  50  60  59  39  78  7   88  2   6   17  27  97  29  8   70  18  19  89  28  9   98  69  80  79  30  40  90  99  100 20  10 
43  53  62  52  42  82  81  63  51  72  91  71  33  34  92  54  61  23  24  74  75  64  65  41  83  76  44  84  32  73  31  14  13  66  45  46  47  48  35  93  12  11  55  4   58  57  56  1   86  67  21  22  49  25  96  36  95  85  77  38  15  87  37  94  5   3   68  16  26  50  60  59  39  78  7   88  2   6   17  27  97  29  8   70  18  19  89  28  9   98  69  80  79  30  40  90  99  100 20  10 
44  54  34  33  23  24  48  47  46  45  35  65  74  75  64  32  53  57  55  43  58  76  13  14  62  42  52  84  11  82  12  49  51  72  66  81  91  31  63  1   37  36  4   71  38  83  22  21  73  25  68  92  56  41  86  60  67  61  50  59  15  3   39  5   26  78  16  77  96  88  87  85  7   95  17  27  70  8   29  18  93  94  19  9   89  6   28  2   98  69  30  40  79  80  97  99  90  100 20  10 
47  35  45  46  48  58  57  55  49  36  38  37  44  34  33  68  24  23  54  56  59  60  25  50  15  26  78  39  16  7   17  88  27  32  65  13  5   66  67  70  75  8   53  64  74  43  29  14  28  19  62  76  18  6   89  9   42  52  72  12  11  69  98  31  81  63  77  51  91  82  79  80  84  1   71  4   40  30  97  90  83  100 22  21  99  92  73  41  61  3   86  20  87  85  95  96  10  93  94  2  
47  35  45  46  48  58  57  55  49  36  38  37  44  34  33  68  24  23  54  56  59  60  25  50  15  26  78  39  16  7   17  88  27  32  65  13  5   66  67  70  75  8   53  64  74  43  29  14  28  19  62  76  18  6   89  9   42  52  72  12  11  69  98  31  81  63  77  51  91  82  79  80  84  1   71  4   40  30  97  90  83  100 22  21  99  92  73  41  61  3   86  20  87  85  95  96  10  93  94  2  
47  35  45  46  48  58  57  55  49  36  38  37  44  34  33  68  24  23  54  56  59  60  25  50  15  26  78  39  16  7   17  88  27  32  65  13  5   66  67  70  75  8   53  64  74  43  29  14  28  19  62  76  18  6   89  9   42  52  72  12  11  69  98  31  81  63  77  51  91  82  79  80  84  1   71  4   40  30  97  90  83  100 22  21  99  92  73  41  61  3   86  20  87  85  95  96  10  93  94  2  
47  35  45  46  48  58  57  55  49  36  38  37  44  34  33  68  24  23  54  56  59  60  25  50  15  26  78  39  16  7   17  88  27  32  65  13  5   66  67  70  75  8   53  64  74  43  29  14  28  19  62  76  18  6   89  9   42  52  72  12  11  69  98  31  81  63  77  51  91  82  79  80  84  1   71  4   40  30  97  90  83  100 22  21  99  92  73  41  61  3   86  20  87  85  95  96  10  93  94  2  
49  35  45  46  47  48  59  50  60  58  57  55  70  36  37  38  39  69  34  80  44  33  68  29  23  24  90  99  54  56  100 25  15  16  26  40  78  32  7   17  19  9   79  88  27  98  30  8   5   67  65  64  75  74  66  13  53  14  43  18  28  52  97  62  76  42  6   89  77  82  72  11  91  12  31  51  63  81  84  1   71  4   21  83  20  22  92  41  73  61  86  3   95  96  10  87  85  93  94  2  
50  60  70  49  80  90  59  99  48  47  46  45  35  100 40  57  58  98  55  69  97  89  38  37  36  39  88  44  34  33  79  78  29  68  24  23  54  30  25  56  15  26  16  32  19  9   96  7   17  95  27  65  64  5   14  67  74  66  53  75  8   87  13  43  76  18  42  62  6   28  52  86  82  91  72  31  51  77  11  20  12  81  63  71  4   84  1   83  21  22  85  73  41  92  61  3   10  94  2   93 
51  42  62  52  72  82  43  53  81  91  71  61  63  92  41  33  34  31  54  83  24  23  84  75  74  73  64  65  44  32  76  93  14  13  66  48  46  45  47  35  55  11  12  22  21  4   58  57  56  1   86  67  85  49  25  94  96  36  95  37  38  15  87  77  5   3   26  16  68  50  60  59  39  78  7   88  2   6   17  27  97  29  8   70  18  19  89  28  9   98  69  80  79  30  40  90  99  100 20  10 
42  52  62  72  51  43  53  82  81  91  71  63  92  61  33  34  41  54  83  24  23  84  75  65  64  74  73  31  32  76  44  93  13  14  66  47  45  46  48  35  55  11  12  4   58  57  56  1   85  86  67  22  21  49  25  94  96  36  95  77  38  15  87  37  5   3   26  16  68  50  60  59  39  78  7   88  2   6   17  27  97  29  8   70  18  19  89  28  9   98  69  80  79  30  40  90  99  100 20  10 
43  53  62  52  42  82  81  63  51  72  91  71  33  34  92  54  61  23  24  74  75  64  65  41  83  76  44  84  32  73  31  14  13  66  45  46  47  48  35  93  12  11  55  4   58  57  56  1   86  67  21  22  49  25  96  36  95  85  77  38  15  87  37  94  5   3   68  16  26  50  60  59  39  78  7   88  2   6   17  27  97  29  8   70  18  19  89  28  9   98  69  80  79  30  40  90  99  100 20  10 
54  44  64  65  33  74  75  34  55  53  43  76  24  23  52  62  42  35  84  82  72  45  46  47  48  51  91  66  81  63  71  32  83  73  58  57  14  13  56  92  61  86  67  49  31  12  11  37  4   36  38  1   41  21  85  22  95  96  87  77  68  25  93  94  50  59  15  60  3   5   39  16  78  26  7   88  17  27  8   70  29  97  6   9   89  28  18  19  69  2   98  80  40  79  30  90  99  100 20  10 
55  35  45  46  48  47  58  57  54  49  74  75  65  64  44  36  37  38  56  33  34  76  23  24  68  60  25  66  59  84  50  43  39  26  16  53  78  83  15  73  7   32  27  17  63  62  88  42  52  67  70  72  81  82  8   29  51  5   91  13  14  86  6   19  9   89  28  18  71  77  98  11  12  31  69  92  95  96  87  85  1   79  4   80  40  30  97  90  100 22  99  61  21  41  93  94  3   20  10  2  
56  66  76  57  75  74  64  65  67  58  46  47  48  45  35  55  84  77  83  63  54  86  73  68  49  95  44  36  43  87  53  38  59  96  37  78  42  52  33  62  34  81  82  91  72  51  24  23  85  88  71  60  50  25  39  26  89  94  16  15  93  98  7   69  92  32  17  27  14  61  70  8   5   97  29  79  13  100 41  6   9   99  19  18  28  31  90  12  11  30  40  80  4   1   22  21  3   20  10  2  
57  58  35  48  47  46  45  55  56  68  49  38  37  36  59  34  33  78  44  23  66  24  67  88  50  25  54  60  26  89  77  16  15  39  76  98  7   69  64  75  27  17  32  74  65  53  29  5   14  8   79  43  13  70  97  62  100 9   99  42  6   28  52  18  19  91  90  84  82  81  11  12  51  72  63  31  4   40  83  30  1   80  71  22  73  87  21  86  41  92  95  96  61  3   85  20  10  93  94  2  
58  57  47  46  45  48  35  68  55  49  59  36  37  38  56  78  34  33  44  88  23  24  54  60  50  25  89  66  67  98  39  69  15  26  16  32  17  76  77  7   79  27  70  64  75  53  65  97  74  100 29  8   43  13  5   14  99  6   18  62  19  9   90  42  52  28  51  81  82  91  80  12  11  72  31  63  40  4   84  30  1   71  22  87  83  21  86  73  92  41  61  95  96  3   20  85  10  93  94  2  
59  49  69  58  57  50  45  46  47  48  35  60  79  55  68  70  36  56  78  37  38  39  34  33  44  88  80  90  29  24  23  66  99  54  89  67  100 25  15  40  98  16  26  17  19  7   9   76  32  30  27  77  65  64  5   13  8   14  74  53  97  43  75  52  62  6   28  42  18  81  82  91  31  72  11  12  63  51  4   84  1   71  20  22  21  83  87  86  73  92  41  61  95  96  3   10  85  2   93  94 
50  60  70  49  80  90  59  99  48  47  46  45  35  100 40  57  58  98  55  69  97  89  38  37  36  39  88  44  34  33  79  78  29  68  24  23  54  30  25  56  15  26  16  32  19  9   96  7   17  95  27  65  64  5   14  67  74  66  53  75  8   87  13  43  76  18  42  62  6   28  52  86  82  91  72  31  51  77  11  20  12  81  63  71  4   84  1   83  21  22  85  73  41  92  61  3   10  94  2   93 
61  71  51  52  82  81  91  72  62  42  43  53  92  63  41  33  83  34  24  31  23  84  54  73  75  65  74  64  76  44  93  32  66  13  14  45  46  47  48  35  55  11  12  22  21  4   58  57  56  1   85  86  67  94  49  25  96  36  95  37  38  15  87  77  5   3   26  16  68  50  60  59  39  78  7   88  2   6   17  27  97  29  8   70  18  19  89  28  9   98  69  80  79  30  40  90  99  100 20  10 
42  52  62  72  51  43  53  82  81  91  71  63  92  61  33  34  41  54  83  24  23  84  75  65  64  74  73  31  32  76  44  93  13  14  66  47  45  46  48  35  55  11  12  4   58  57  56  1   85  86  67  22  21  49  25  94  96  36  95  77  38  15  87  37  5   3   26  16  68  50  60  59  39  78  7   88  2   6   17  27  97  29  8   70  18  19  89  28  9   98  69  80  79  30  40  90  99  100 20  10 
63  53  43  42  52  62  51  81  82  91  72  74  64  71  65  75  76  33  92  34  54  24  84  66  23  61  73  41  83  44  56  32  31  86  14  67  13  48  35  46  93  55  47  45  77  12  11  96  95  87  85  58  57  1   4   22  21  94  25  49  36  38  37  15  68  3   5   97  78  26  16  88  50  60  59  98  39  2   6   7   17  89  27  69  8   70  100 29  99  18  28  90  9   79  19  80  30  40  20  10 
65  64  74  75  76  66  84  83  63  54  73  56  43  86  67  44  53  62  55  42  52  91  82  81  72  77  87  95  96  85  51  71  34  33  48  35  93  24  23  45  46  47  94  57  92  61  68  58  32  41  14  13  78  49  97  88  38  37  36  12  11  31  98  89  4   1   69  50  59  60  21  22  25  100 99  26  79  39  90  15  16  17  27  80  7   3   5   8   29  70  18  9   19  6   28  40  30  2   20  10 
65  64  74  75  76  66  84  83  63  54  73  56  43  86  67  44  53  62  55  42  52  91  82  81  72  77  87  95  96  85  51  71  34  33  48  35  93  24  23  45  46  47  94  57  92  61  68  58  32  41  14  13  78  49  97  88  38  37  36  12  11  31  98  89  4   1   69  50  59  60  21  22  25  100 99  26  79  39  90  15  16  17  27  80  7   3   5   8   29  70  18  9   19  6   28  40  30  2   20  10 
66  76  74  65  64  75  56  67  77  84  83  73  54  63  86  57  96  53  95  87  68  44  58  43  35  47  48  46  45  42  52  55  62  72  51  81  85  91  78  82  34  71  88  33  23  94  24  93  49  89  92  98  36  61  97  37  38  59  69  79  41  32  14  13  99  100 90  50  25  60  12  39  31  15  16  26  11  80  1   4   27  17  7   22  21  5   29  70  8   6   18  19  28  9   30  3   40  2   20  10 
67  77  66  76  68  75  74  56  64  65  87  78  88  57  58  86  84  46  47  35  45  83  89  48  73  63  69  54  95  96  98  79  53  55  44  43  99  100 97  62  42  90  85  52  49  37  59  91  82  38  51  80  72  36  81  71  33  34  23  24  93  94  92  70  50  60  25  15  39  16  61  26  7   27  17  41  32  29  5   8   14  13  6   19  18  9   28  11  12  31  30  4   40  1   21  22  3   20  10  2  
68  78  88  89  58  98  57  67  69  46  47  48  35  45  79  99  100 77  97  90  55  66  80  49  59  76  38  37  36  87  56  44  34  70  74  64  65  75  33  86  95  96  24  23  60  54  50  25  84  16  15  26  39  83  27  17  32  7   29  43  53  13  63  8   14  5   73  85  6   9   42  18  19  62  28  52  72  91  12  11  81  82  51  31  4   40  1   30  71  22  21  92  94  41  61  93  3   20  10  2  
69  79  59  68  78  70  49  88  50  89  80  58  60  57  67  90  98  99  48  47  46  45  35  100 97  77  55  66  39  87  38  56  36  37  76  33  65  64  44  75  34  74  23  96  29  40  95  86  24  25  54  15  16  84  26  83  17  19  9   7   27  30  32  43  8   73  53  63  13  14  5   85  6   62  28  52  18  42  11  12  31  81  82  51  91  72  71  4   1   20  21  22  92  94  41  93  61  3   10  2  
70  50  80  60  90  99  100 98  49  69  97  89  88  46  59  78  48  35  79  47  45  40  68  57  58  55  95  96  36  38  39  37  87  34  86  33  44  29  24  23  77  67  56  54  30  25  26  15  16  9   32  27  85  7   19  17  75  66  65  74  64  8   5   53  13  14  43  62  28  52  6   18  76  42  20  63  94  12  11  82  91  81  72  51  31  4   71  1   84  21  22  83  73  92  41  61  3   10  93  2  
71  82  81  72  91  42  62  52  53  51  43  61  92  63  83  33  41  34  84  73  23  24  54  75  65  64  93  74  32  31  76  44  14  66  13  45  46  47  48  35  55  11  12  85  4   94  58  57  56  1   86  67  21  22  25  49  96  36  95  77  38  15  87  37  5   3   68  16  26  50  60  59  39  78  7   88  2   6   17  27  97  29  8   70  18  19  89  28  9   98  69  80  79  30  40  90  99  100 20  10 
82  81  72  91  71  42  62  52  53  51  43  92  63  61  83  33  41  34  84  73  23  24  54  75  65  64  93  74  32  31  76  44  14  66  13  45  46  47  48  35  55  11  12  85  4   94  58  57  56  1   86  67  21  22  25  49  96  36  95  77  38  15  87  37  5   3   68  16  26  50  60  59  39  78  7   88  2   6   17  27  97  29  8   70  18  19  89  28  9   98  69  80  79  30  40  90  99  100 20  10 
73  83  84  65  64  74  75  76  81  72  82  91  62  71  52  42  93  66  53  43  63  85  51  94  54  92  56  67  86  44  61  55  95  96  41  34  33  77  87  24  23  45  46  47  48  35  32  57  31  58  68  14  13  97  78  49  11  12  38  88  36  37  4   98  1   21  22  89  50  100 60  59  99  69  25  15  90  26  79  39  16  80  27  7   5   3   17  8   70  29  9   28  6   18  19  30  40  2   20  10 
65  64  74  75  76  66  84  83  63  54  73  56  43  86  67  44  53  62  55  42  52  91  82  81  72  77  87  95  96  85  51  71  34  33  48  35  93  24  23  45  46  47  94  57  92  61  68  58  32  41  14  13  78  49  97  88  38  37  36  12  11  31  98  89  4   1   69  50  59  60  21  22  25  100 99  26  79  39  90  15  16  17  27  80  7   3   5   8   29  70  18  9   19  6   28  40  30  2   20  10 
65  64  74  75  76  66  84  83  63  54  73  56  43  86  67  44  53  62  55  42  52  91  82  81  72  77  87  95  96  85  51  71  34  33  48  35  93  24  23  45  46  47  94  57  92  61  68  58  32  41  14  13  78  49  97  88  38  37  36  12  11  31  98  89  4   1   69  50  59  60  21  22  25  100 99  26  79  39  90  15  16  17  27  80  7   3   5   8   29  70  18  9   19  6   28  40  30  2   20  10 
76  74  65  64  75  66  84  83  56  86  54  63  67  73  43  77  95  87  96  53  44  52  42  55  62  85  81  51  91  72  82  34  71  57  33  48  46  45  58  68  47  35  94  93  24  23  92  97  78  61  32  88  41  98  49  14  13  38  89  36  37  12  11  99  31  69  59  100 79  90  1   4   60  21  22  25  80  50  26  16  39  15  17  27  7   29  3   5   70  8   6   9   28  19  18  40  30  2   20  10 
77  67  66  87  78  86  76  68  88  75  64  74  56  65  96  95  89  57  98  79  58  84  46  47  35  48  45  99  100 83  97  85  73  90  54  69  63  80  53  43  44  55  52  42  62  49  91  59  51  72  81  38  37  36  82  70  34  94  33  71  23  24  93  92  50  60  25  15  39  16  61  26  7   27  17  41  32  29  5   8   14  13  6   19  18  9   28  11  12  31  30  4   40  1   21  22  3   20  10  2  
78  88  68  89  98  79  99  100 97  77  58  90  80  69  57  67  35  45  46  47  48  87  70  66  55  96  95  86  49  59  37  56  76  38  60  50  36  34  33  74  75  65  64  44  23  24  25  85  54  84  39  16  26  15  27  17  7   32  83  5   43  63  13  8   53  29  14  73  9   6   94  18  19  62  42  52  28  91  12  11  81  82  51  72  31  71  4   40  1   30  22  21  92  41  93  61  3   20  10  2  
79  78  69  88  68  89  80  98  90  99  59  100 97  70  77  58  67  57  45  60  49  48  47  46  35  50  87  55  96  95  66  86  56  76  36  37  38  75  65  64  34  33  74  44  23  24  25  85  54  26  15  16  84  39  40  32  17  7   83  27  13  8   14  5   73  63  43  29  53  9   62  94  28  42  19  52  6   18  72  31  11  81  82  12  51  91  1   71  30  4   22  21  92  41  93  61  3   20  10  2  
80  90  100 99  70  98  97  60  50  89  88  79  78  68  49  69  96  95  87  35  86  59  48  47  46  45  77  58  40  57  67  55  85  36  37  38  39  33  34  66  44  76  23  24  64  65  74  94  29  75  25  30  56  54  16  15  26  17  27  7   19  84  9   32  53  5   13  14  43  8   83  18  28  52  6   42  63  62  73  20  12  11  31  81  82  91  51  72  4   1   71  93  22  21  92  41  61  3   10  2  
82  81  72  91  71  42  62  52  53  51  43  92  63  61  83  33  41  34  84  73  23  24  54  75  65  64  93  74  32  31  76  44  14  66  13  45  46  47  48  35  55  11  12  85  4   94  58  57  56  1   86  67  21  22  25  49  96  36  95  77  38  15  87  37  5   3   68  16  26  50  60  59  39  78  7   88  2   6   17  27  97  29  8   70  18  19  89  28  9   98  69  80  79  30  40  90  99  100 20  10 
82  81  72  91  71  42  62  52  53  51  43  92  63  61  83  33  41  34  84  73  23  24  54  75  65  64  93  74  32  31  76  44  14  66  13  45  46  47  48  35  55  11  12  85  4   94  58  57  56  1   86  67  21  22  25  49  96  36  95  77  38  15  87  37  5   3   68  16  26  50  60  59  39  78  7   88  2   6   17  27  97  29  8   70  18  19  89  28  9   98  69  80  79  30  40  90  99  100 20  10 
83  84  73  64  74  75  65  76  82  72  81  91  62  71  52  66  42  93  53  43  85  51  63  94  92  54  56  67  86  44  61  55  95  96  41  34  33  77  87  24  23  45  46  47  48  35  32  57  31  58  68  14  13  97  78  49  11  12  38  88  36  37  4   98  1   21  22  89  50  100 60  59  99  69  25  15  90  26  79  39  16  80  27  7   5   3   17  8   70  29  9   28  6   18  19  30  40  2   20  10 
84  83  73  75  74  65  64  76  66  81  82  91  85  72  52  63  42  71  62  93  94  54  56  43  51  53  44  67  92  86  55  87  61  95  96  77  34  33  23  24  48  46  45  47  41  35  57  68  58  32  31  14  49  78  97  13  38  88  37  36  12  11  98  4   89  1   69  50  59  60  21  22  25  100 99  26  79  39  90  15  16  17  27  80  7   3   5   8   29  70  18  9   19  6   28  40  30  2   20  10 
85  86  96  95  87  84  83  64  65  75  74  73  76  97  66  77  54  81  91  63  98  72  82  62  42  71  52  56  93  94  67  99  51  53  43  44  100 88  92  90  55  78  89  80  61  34  33  68  23  47  46  45  24  35  48  41  57  70  79  58  32  50  49  31  13  14  60  38  37  69  36  11  12  1   4   21  22  59  25  26  15  16  39  27  7   17  8   3   29  5   6   18  28  9   19  40  30  2   20  10 
86  96  95  87  85  76  74  75  64  65  66  77  97  84  98  67  88  56  94  83  73  63  100 78  54  99  89  90  80  68  53  44  43  62  42  55  52  51  72  91  82  81  34  33  70  71  57  79  35  58  93  23  24  48  47  46  45  92  69  61  50  60  41  32  49  13  14  38  37  36  59  11  31  12  4   1   25  22  21  16  15  26  39  27  17  7   3   40  5   29  8   6   19  28  18  9   30  2   20  10 
87  86  96  95  77  97  85  67  76  98  64  65  88  74  75  78  66  100 99  89  90  84  68  80  56  94  83  73  54  63  79  70  53  44  43  52  42  55  58  62  57  81  72  91  82  51  69  60  71  50  48  47  46  45  33  34  35  93  24  23  92  61  59  32  41  49  36  38  13  14  37  31  11  12  4   1   25  21  39  40  16  15  26  22  17  27  7   5   8   29  3   6   18  9   28  19  30  2   20  10 
88  78  89  98  68  100 97  99  90  79  80  77  58  87  69  67  57  47  46  48  70  45  35  86  95  96  66  55  60  50  59  49  76  36  37  38  56  65  33  34  75  74  85  64  44  24  23  25  54  16  15  84  39  26  83  17  94  7   27  32  14  73  13  29  5   63  8   43  53  19  18  62  40  42  6   52  28  9   91  82  31  11  12  72  51  81  4   1   30  71  21  22  92  41  93  61  3   20  10  2  
89  88  78  98  68  90  100 97  99  80  79  58  70  77  69  87  67  57  48  47  46  45  35  86  60  95  96  50  66  55  59  49  76  56  36  37  38  74  75  65  44  85  64  34  33  24  23  25  54  26  39  84  16  15  17  94  32  7   83  40  27  14  5   73  13  8   29  63  43  53  28  6   18  9   52  19  62  42  91  12  11  81  82  51  72  31  30  4   1   71  21  22  92  41  93  61  3   20  10  2  
90  100 80  99  98  70  97  89  88  78  60  50  68  79  96  49  95  69  87  86  58  77  45  47  59  57  67  46  35  48  40  85  55  76  66  39  38  74  36  94  75  64  37  65  56  34  33  44  23  24  29  25  54  84  30  26  83  16  15  27  32  73  9   63  19  17  7   8   5   13  43  14  53  18  28  52  62  6   42  93  20  31  81  11  51  12  72  82  91  71  4   1   21  22  92  41  61  10  3   2  
82  81  72  91  71  42  62  52  53  51  43  92  63  61  83  33  41  34  84  73  23  24  54  75  65  64  93  74  32  31  76  44  14  66  13  45  46  47  48  35  55  11  12  85  4   94  58  57  56  1   86  67  21  22  25  49  96  36  95  77  38  15  87  37  5   3   68  16  26  50  60  59  39  78  7   88  2   6   17  27  97  29  8   70  18  19  89  28  9   98  69  80  79  30  40  90  99  100 20  10 
92  91  82  81  72  52  71  62  42  43  53  51  93  63  61  83  33  41  34  84  73  23  24  54  74  65  64  75  76  31  32  44  94  14  13  66  47  48  46  45  35  55  11  12  85  4   58  57  56  1   86  67  22  21  49  25  96  36  95  77  38  87  15  37  5   3   68  26  16  50  60  59  39  78  7   88  2   6   17  27  97  29  8   70  18  19  89  28  9   98  69  80  79  30  40  90  99  100 20  10 
93  92  83  94  73  84  81  82  91  72  42  62  52  71  75  74  65  64  43  51  53  76  63  66  61  85  54  34  41  33  96  56  24  23  95  67  86  44  31  32  55  87  77  13  14  47  48  45  46  35  12  11  57  97  58  4   68  1   21  22  98  49  25  78  88  100 99  38  37  36  15  3   5   90  89  16  26  80  59  60  50  69  79  39  70  6   7   27  2   17  29  8   9   18  19  28  30  40  20  10 
94  93  84  83  96  95  73  64  74  75  86  65  76  87  92  66  72  85  97  91  82  81  71  42  52  54  63  62  51  43  98  56  53  44  67  99  55  100 77  90  88  61  33  80  34  78  23  24  35  48  46  45  89  41  47  68  57  70  58  31  32  13  14  49  79  50  38  37  36  60  11  12  1   4   69  21  22  25  59  16  15  39  26  27  17  7   3   5   29  8   6   19  18  28  9   30  40  2   20  10 
96  95  86  87  97  85  76  98  94  64  65  74  75  66  77  100 99  88  90  78  84  80  67  56  89  83  63  73  54  68  70  43  44  53  52  42  79  93  62  55  60  91  72  81  51  82  50  71  33  34  58  57  48  23  69  35  47  24  46  45  92  61  49  41  32  14  13  59  37  38  36  31  12  11  4   1   40  22  25  21  16  15  26  39  17  27  7   3   29  5   8   19  6   9   28  18  30  2   20  10 
96  95  86  87  97  85  76  98  94  64  65  74  75  66  77  100 99  88  90  78  84  80  67  56  89  83  63  73  54  68  70  43  44  53  52  42  79  93  62  55  60  91  72  81  51  82  50  71  33  34  58  57  48  23  69  35  47  24  46  45  92  61  49  41  32  14  13  59  37  38  36  31  12  11  4   1   40  22  25  21  16  15  26  39  17  27  7   3   29  5   8   19  6   9   28  18  30  2   20  10 
97  98  100 99  90  88  95  80  78  96  89  87  86  68  70  79  60  85  50  77  58  57  69  67  76  47  48  35  75  45  74  64  65  46  94  49  66  84  55  59  56  83  63  38  37  36  73  54  44  34  33  40  43  23  53  24  42  52  93  25  62  16  91  82  81  51  39  15  26  72  7   17  32  27  71  29  8   14  13  5   6   9   92  18  19  28  30  11  12  31  61  4   1   41  22  21  3   20  10  2  
98  100 99  97  90  88  80  78  89  68  70  96  95  79  87  60  86  50  58  77  69  67  57  35  47  48  45  46  49  85  55  66  76  64  65  74  75  59  94  56  37  36  38  40  44  34  33  84  23  24  25  83  54  15  63  26  16  39  73  27  7   17  32  13  29  53  8   43  14  5   93  9   6   19  62  18  52  42  28  12  11  81  82  51  91  72  31  30  71  4   1   22  21  92  41  61  20  3   10  2  
100 99  90  98  80  97  88  70  78  89  68  60  50  79  96  95  87  49  86  69  58  77  67  57  46  45  47  35  48  59  85  40  66  76  55  75  94  64  65  74  36  38  37  56  44  34  33  39  84  23  24  25  54  83  29  26  63  73  30  16  15  32  7   27  17  5   9   8   14  19  13  53  43  62  18  93  52  6   28  42  91  31  81  72  82  51  11  12  4   20  71  1   21  22  92  41  61  3   10  2  
100 99  90  98  80  97  88  70  78  89  68  60  50  79  96  95  87  49  86  69  58  77  67  57  46  45  47  35  48  59  85  40  66  76  55  75  94  64  65  74  36  38  37  56  44  34  33  39  84  23  24  25  54  83  29  26  63  73  30  16  15  32  7   27  17  5   9   8   14  19  13  53  43  62  18  93  52  6   28  42  91  31  81  72  82  51  11  12  4   20  71  1   21  22  92  41  61  3   10  2  
