100
360
1 2 0
2 1 0
1 11 7
11 1 7
2 3 6
3 2 6
2 12 9
12 2 9
3 4 4
4 3 4
3 13 9
13 3 9
4 5 7
5 4 7
4 14 1
14 4 1
5 6 9
6 5 9
5 15 0
15 5 0
6 7 8
7 6 8
6 16 9
16 6 9
7 8 9
8 7 9
7 17 8
17 7 8
8 9 5
9 8 5
8 18 4
18 8 4
9 10 5
10 9 5
9 19 0
19 9 0
10 20 9
20 10 9
11 12 6
12 11 6
11 21 6
21 11 6
12 13 0
13 12 0
12 22 4
22 12 4
13 14 7
14 13 7
13 23 4
23 13 4
14 15 8
15 14 8
14 24 0
24 14 0
15 16 6
16 15 6
15 25 8
25 15 8
16 17 8
17 16 8
16 26 5
26 16 5
17 18 9
18 17 9
17 27 1
27 17 1
18 19 8
19 18 8
18 28 2
28 18 2
19 20 9
20 19 9
19 29 0
29 19 0
20 30 3
30 20 3
21 22 7
22 21 7
21 31 7
31 21 7
22 23 7
23 22 7
22 32 0
32 22 0
23 24 2
24 23 2
23 33 0
33 23 0
24 25 9
25 24 9
24 34 2
34 24 2
25 26 6
26 25 6
25 35 2
35 25 2
26 27 1
27 26 1
26 36 8
36 26 8
27 28 1
28 27 1
27 37 9
37 27 9
28 29 6
29 28 6
28 38 6
38 28 6
29 30 5
30 29 5
29 39 8
39 29 8
30 40 6
40 30 6
31 32 3
32 31 3
31 41 8
41 31 8
32 33 2
33 32 2
32 42 5
42 32 5
33 34 0
34 33 0
33 43 7
43 33 7
34 35 9
35 34 9
34 44 0
44 34 0
35 36 0
36 35 0
35 45 0
45 35 0
36 37 7
37 36 7
36 46 4
46 36 4
37 38 1
38 37 1
37 47 4
47 37 4
38 39 5
39 38 5
38 48 0
48 38 0
39 40 5
40 39 5
39 49 4
49 39 4
40 50 8
50 40 8
41 42 9
42 41 9
41 51 4
51 41 4
42 43 9
43 42 9
42 52 0
52 42 0
43 44 4
44 43 4
43 53 0
53 43 0
44 45 5
45 44 5
44 54 9
54 44 9
45 46 3
46 45 3
45 55 5
55 45 5
46 47 7
47 46 7
46 56 9
56 46 9
47 48 0
48 47 0
47 57 4
57 47 4
48 49 8
49 48 8
48 58 4
58 48 4
49 50 6
50 49 6
49 59 6
59 49 6
50 60 4
60 50 4
51 52 3
52 51 3
51 61 4
61 51 4
52 53 7
53 52 7
52 62 8
62 52 8
53 54 7
54 53 7
53 63 8
63 53 8
54 55 9
55 54 9
54 64 3
64 54 3
55 56 1
56 55 1
55 65 4
65 55 4
56 57 4
57 56 4
56 66 3
66 56 3
57 58 0
58 57 0
57 67 4
67 57 4
58 59 1
59 58 1
58 68 2
68 58 2
59 60 6
60 59 6
59 69 0
69 59 0
60 70 3
70 60 3
61 62 3
62 61 3
61 71 3
71 61 3
62 63 6
63 62 6
62 72 4
72 62 4
63 64 8
64 63 8
63 73 8
73 63 8
64 65 3
65 64 3
64 74 2
74 64 2
65 66 1
66 65 1
65 75 1
75 65 1
66 67 9
67 66 9
66 76 7
76 66 7
67 68 9
68 67 9
67 77 3
77 67 3
68 69 0
69 68 0
68 78 1
78 68 1
69 70 5
70 69 5
69 79 0
79 69 0
70 80 6
80 70 6
71 72 6
72 71 6
71 81 1
81 71 1
72 73 1
73 72 1
72 82 5
82 72 5
73 74 5
74 73 5
73 83 7
83 73 7
74 75 2
75 74 2
74 84 1
84 74 1
75 76 3
76 75 3
75 85 9
85 75 9
76 77 2
77 76 2
76 86 7
86 76 7
77 78 1
78 77 1
77 87 3
87 77 3
78 79 5
79 78 5
78 88 0
88 78 0
79 80 9
80 79 9
79 89 3
89 79 3
80 90 8
90 80 8
81 82 0
82 81 0
81 91 2
91 81 2
82 83 4
83 82 4
82 92 6
92 82 6
83 84 2
84 83 2
83 93 4
93 83 4
84 85 1
85 84 1
84 94 1
94 84 1
85 86 0
86 85 0
85 95 1
95 85 1
86 87 0
87 86 0
86 96 0
96 86 0
87 88 4
88 87 4
87 97 6
97 87 6
88 89 5
89 88 5
88 98 5
98 88 5
89 90 9
90 89 9
89 99 4
99 89 4
90 100 5
100 90 5
91 92 9
92 91 9
92 93 0
93 92 0
93 94 6
94 93 6
94 95 0
95 94 0
95 96 7
96 95 7
96 97 0
97 96 0
97 98 7
98 97 7
98 99 0
99 98 0
99 100 0
100 99 0
