100
360
1 2 8
2 1 8
1 11 1
11 1 1
2 3 4
3 2 4
2 12 9
12 2 9
3 4 7
4 3 7
3 13 7
13 3 7
4 5 4
5 4 4
4 14 3
14 4 3
5 6 4
6 5 4
5 15 2
15 5 2
6 7 2
7 6 2
6 16 9
16 6 9
7 8 1
8 7 1
7 17 0
17 7 0
8 9 1
9 8 1
8 18 1
18 8 1
9 10 9
10 9 9
9 19 0
19 9 0
10 20 5
20 10 5
11 12 0
12 11 0
11 21 9
21 11 9
12 13 2
13 12 2
12 22 4
22 12 4
13 14 0
14 13 0
13 23 4
23 13 4
14 15 6
15 14 6
14 24 8
24 14 8
15 16 2
16 15 2
15 25 1
25 15 1
16 17 7
17 16 7
16 26 0
26 16 0
17 18 8
18 17 8
17 27 0
27 17 0
18 19 3
19 18 3
18 28 8
28 18 8
19 20 8
20 19 8
19 29 3
29 19 3
20 30 5
30 20 5
21 22 0
22 21 0
21 31 6
31 21 6
22 23 8
23 22 8
22 32 8
32 22 8
23 24 7
24 23 7
23 33 1
33 23 1
24 25 9
25 24 9
24 34 1
34 24 1
25 26 5
26 25 5
25 35 8
35 25 8
26 27 5
27 26 5
26 36 4
36 26 4
27 28 9
28 27 9
27 37 5
37 27 5
28 29 6
29 28 6
28 38 7
38 28 7
29 30 3
30 29 3
29 39 2
39 29 2
30 40 7
40 30 7
31 32 3
32 31 3
31 41 3
41 31 3
32 33 4
33 32 4
32 42 9
42 32 9
33 34 0
34 33 0
33 43 5
43 33 5
34 35 6
35 34 6
34 44 3
44 34 3
35 36 5
36 35 5
35 45 0
45 35 0
36 37 6
37 36 6
36 46 7
46 36 7
37 38 0
38 37 0
37 47 5
47 37 5
38 39 4
39 38 4
38 48 5
48 38 5
39 40 5
40 39 5
39 49 9
49 39 9
40 50 9
50 40 9
41 42 8
42 41 8
41 51 5
51 41 5
42 43 4
43 42 4
42 52 0
52 42 0
43 44 8
44 43 8
43 53 0
53 43 0
44 45 6
45 44 6
44 54 2
54 44 2
45 46 0
46 45 0
45 55 3
55 45 3
46 47 0
47 46 0
46 56 9
56 46 9
47 48 0
48 47 0
47 57 2
57 47 2
48 49 4
49 48 4
48 58 2
58 48 2
49 50 4
50 49 4
49 59 4
59 49 4
50 60 0
60 50 0
51 52 1
52 51 1
51 61 4
61 51 4
52 53 1
53 52 1
52 62 0
62 52 0
53 54 6
54 53 6
53 63 2
63 53 2
54 55 6
55 54 6
54 64 5
64 54 5
55 56 9
56 55 9
55 65 8
65 55 8
56 57 6
57 56 6
56 66 3
66 56 3
57 58 1
58 57 1
57 67 9
67 57 9
58 59 6
59 58 6
58 68 5
68 58 5
59 60 8
60 59 8
59 69 5
69 59 5
60 70 3
70 60 3
61 62 8
62 61 8
61 71 4
71 61 4
62 63 7
63 62 7
62 72 1
72 62 1
63 64 5
64 63 5
63 73 9
73 63 9
64 65 0
65 64 0
64 74 0
74 64 0
65 66 6
66 65 6
65 75 0
75 65 0
66 67 4
67 66 4
66 76 2
76 66 2
67 68 6
68 67 6
67 77 2
77 67 2
68 69 6
69 68 6
68 78 2
78 68 2
69 70 8
70 69 8
69 79 5
79 69 5
70 80 3
80 70 3
71 72 1
72 71 1
71 81 8
81 71 8
72 73 9
73 72 9
72 82 0
82 72 0
73 74 6
74 73 6
73 83 1
83 73 1
74 75 6
75 74 6
74 84 3
84 74 3
75 76 1
76 75 1
75 85 9
85 75 9
76 77 8
77 76 8
76 86 6
86 76 6
77 78 7
78 77 7
77 87 6
87 77 6
78 79 5
79 78 5
78 88 1
88 78 1
79 80 8
80 79 8
79 89 7
89 79 7
80 90 1
90 80 1
81 82 0
82 81 0
81 91 0
91 81 0
82 83 6
83 82 6
82 92 3
92 82 3
83 84 1
84 83 1
83 93 7
93 83 7
84 85 7
85 84 7
84 94 8
94 84 8
85 86 5
86 85 5
85 95 6
95 85 6
86 87 2
87 86 2
86 96 2
96 86 2
87 88 9
88 87 9
87 97 7
97 87 7
88 89 2
89 88 2
88 98 3
98 88 3
89 90 6
90 89 6
89 99 7
99 89 7
90 100 1
100 90 1
91 92 8
92 91 8
92 93 6
93 92 6
93 94 8
94 93 8
94 95 9
95 94 9
95 96 0
96 95 0
96 97 6
97 96 6
97 98 2
98 97 2
98 99 2
99 98 2
99 100 0
100 99 0
