1   8   11  11  12  13  14  14  15  16  16  16  18  18  22  25  27  28  28  29 
0   9   19  19  20  21  21  21  22  22  23  23  24  26  30  33  33  35  36  37 
4   9   16  17  17  17  18  18  19  19  19  19  20  22  26  29  29  31  32  33 
5   10  10  11  12  12  13  14  14  15  15  15  16  18  22  22  25  27  28  29 
6   6   8   9   11  13  15  16  17  18  18  19  19  19  19  22  22  24  25  26 
2   2   4   12  13  14  14  19  20  20  21  22  23  23  23  23  23  25  26  27 
0   0   2   10  12  12  15  18  20  21  21  21  21  22  23  23  23  23  24  25 
1   1   1   11  11  13  16  19  21  22  22  22  22  23  24  24  24  24  25  26 
2   2   2   10  12  14  17  18  21  22  23  23  23  24  25  25  25  25  26  26 
11  11  11  17  21  23  26  26  29  31  32  32  32  33  34  34  34  34  34  35 
0   9   10  10  11  12  13  13  14  15  15  15  17  17  21  24  26  27  27  28 
0   9   10  10  11  12  13  13  14  15  15  15  17  17  21  24  26  27  27  28 
2   9   10  11  11  11  12  12  12  13  13  13  15  15  19  22  24  25  25  26 
2   9   10  11  11  11  12  12  12  13  13  13  15  15  19  22  24  25  25  26 
7   7   8   9   9   11  15  16  17  17  17  18  18  18  19  20  20  22  23  24 
5   5   7   9   10  11  17  17  17  18  19  19  20  20  20  20  20  22  23  24 
0   0   2   10  12  12  15  18  20  21  21  21  21  22  23  23  23  23  24  25 
0   2   2   12  12  14  17  20  22  23  23  23  23  24  25  25  25  25  26  27 
2   2   2   10  12  14  17  18  21  22  23  23  23  24  25  25  25  25  26  26 
10  10  10  12  19  21  21  24  25  29  29  30  30  31  31  31  32  32  32  33 
4   6   6   8   13  14  15  15  16  17  19  19  19  21  23  26  28  29  29  30 
4   6   6   8   13  14  15  15  16  17  19  19  19  21  23  26  28  29  29  30 
5   6   6   7   7   8   8   8   9   11  15  15  17  17  18  19  20  21  21  22 
5   6   7   7   8   8   8   8   9   11  15  17  17  17  18  19  20  21  21  22 
8   8   8   9   10  10  14  15  16  16  17  17  17  18  19  19  20  21  22  23 
5   5   7   9   10  11  17  17  17  18  19  19  20  20  20  20  20  22  23  24 
0   0   2   10  12  12  15  18  20  21  21  21  21  22  23  23  23  23  24  25 
8   9   9   12  13  14  20  22  23  23  23  24  24  25  25  25  25  26  27  30 
5   5   5   7   11  13  15  18  20  21  22  22  23  23  24  24  24  24  25  26 
7   8   8   8   14  16  16  19  23  24  24  25  25  26  26  27  27  27  28  29 
0   0   3   9   10  10  10  13  15  17  19  21  23  23  24  25  26  27  27  28 
0   3   3   9   9   10  10  11  12  14  18  20  20  20  21  22  23  24  24  25 
4   5   6   6   7   7   7   7   8   10  14  16  16  16  17  18  19  20  20  21 
4   5   6   6   7   7   7   7   8   10  14  16  16  16  17  18  19  20  20  21 
0   2   8   10  10  10  11  11  11  12  12  13  13  13  13  13  14  14  15  22 
5   7   9   9   11  13  14  15  15  16  16  16  17  18  18  18  18  19  20  23 
5   5   5   7   7   9   13  15  16  16  16  17  18  18  18  18  18  19  20  26 
5   5   5   7   7   9   13  15  16  16  16  17  18  18  18  18  18  19  20  26 
5   7   7   7   9   11  13  16  19  20  20  21  21  22  22  22  22  22  23  28 
0   9   12  12  12  12  14  16  17  19  23  24  25  25  26  27  27  27  27  33 
3   3   6   6   7   7   13  14  16  18  22  24  26  26  27  28  29  30  30  31 
0   1   1   8   9   9   9   12  13  14  20  22  22  22  23  24  25  26  26  27 
0   1   2   7   9   10  10  11  12  13  19  21  21  21  22  23  24  25  25  26 
6   7   7   8   8   9   10  10  10  10  14  16  16  17  18  19  19  20  20  21 
0   2   8   10  10  10  11  11  11  12  12  13  13  13  13  13  14  14  15  22 
0   2   8   10  10  10  11  11  11  12  12  13  13  13  13  13  14  14  15  22 
0   2   8   10  10  10  11  11  11  12  12  13  13  13  13  13  14  14  15  22 
0   2   8   10  10  10  11  11  11  12  12  13  13  13  13  13  14  14  15  22 
4   4   6   7   12  13  14  14  14  14  14  15  15  16  16  17  17  17  17  26 
0   3   8   8   9   10  10  14  18  18  18  19  19  20  20  21  21  21  21  30 
1   2   2   8   8   9   10  13  14  15  21  23  23  23  24  25  26  27  27  28 
0   1   1   8   9   9   9   12  13  14  20  22  22  22  23  24  25  26  26  27 
0   1   2   7   9   10  10  11  12  13  19  21  21  21  22  23  24  25  25  26 
5   6   7   8   8   9   10  12  12  12  16  18  18  19  20  21  21  22  22  23 
3   5   8   11  12  13  13  13  13  14  14  15  16  16  16  16  17  17  18  25 
6   6   8   13  14  15  16  18  18  18  18  19  19  20  20  21  21  21  22  30 
0   2   10  12  12  12  12  12  13  13  13  14  14  14  15  15  15  15  16  24 
1   2   10  11  12  12  12  12  13  13  13  13  14  14  15  15  15  15  16  24 
7   8   8   10  11  16  17  17  18  18  18  19  19  20  20  21  21  21  21  30 
0   3   8   8   9   10  10  14  18  18  18  19  19  20  20  21  21  21  21  30 
5   5   6   12  12  13  14  17  18  19  25  27  27  27  28  29  30  31  31  32 
0   1   1   8   9   9   9   12  13  14  20  22  22  22  23  24  25  26  26  27 
2   3   4   5   11  12  12  13  14  15  21  22  23  23  23  24  24  25  25  27 
0   7   8   9   11  12  14  17  17  17  17  19  19  20  21  21  22  23  25  26 
0   7   8   9   11  12  14  17  17  17  17  19  19  20  21  21  22  23  25  26 
3   9   10  11  11  12  16  17  17  18  19  20  20  20  21  21  22  23  25  29 
7   9   11  12  13  14  14  15  16  19  19  21  21  21  23  24  24  24  25  33 
6   6   7   7   8   13  13  15  17  17  17  18  19  19  20  20  20  20  21  29 
5   8   11  12  12  13  13  19  20  23  23  23  24  25  25  26  26  26  26  35 
0   3   5   7   11  11  12  13  21  21  21  22  22  23  23  24  24  24  24  33 
1   2   3   10  11  11  11  14  15  16  22  24  24  24  25  26  27  28  28  29 
0   1   2   9   10  10  10  13  14  15  21  23  23  23  24  25  26  27  27  28 
5   7   8   9   16  17  17  17  17  21  22  24  24  25  26  26  27  28  30  30 
0   7   8   9   11  12  14  17  17  17  17  19  19  20  21  21  22  23  25  26 
0   7   8   9   11  12  14  17  17  17  17  19  19  20  21  21  22  23  25  26 
1   8   9   10  11  12  15  16  18  18  18  18  19  20  22  22  23  24  26  27 
9   11  11  12  13  13  16  17  18  18  21  23  23  23  25  26  26  26  27  35 
4   5   6   8   9   11  14  15  19  19  19  20  21  21  22  22  22  22  23  31 
0   9   10  11  13  14  14  20  23  24  24  24  25  26  26  27  27  27  27  36 
2   3   4   6   8   14  15  16  21  24  24  24  25  26  26  27  27  27  27  36 
0   1   2   9   10  10  10  13  14  15  21  23  23  23  24  25  26  27  27  28 
0   1   2   9   10  10  10  13  14  15  21  23  23  23  24  25  26  27  27  28 
4   6   7   8   15  16  16  16  16  20  21  23  23  24  25  25  26  27  29  29 
3   7   8   9   14  15  17  17  17  20  20  22  22  23  24  24  25  26  28  29 
9   14  14  15  16  16  20  21  21  22  23  24  24  24  26  30  30  32  33  35 
7   10  12  14  15  16  17  17  17  18  20  21  24  24  24  28  28  29  30  33 
9   9   11  15  16  16  17  17  18  19  19  23  26  26  26  28  29  29  31  35 
3   5   6   9   10  10  13  16  20  20  20  21  22  22  22  23  23  23  23  32 
5   7   7   10  11  12  13  18  22  22  22  22  23  24  24  25  25  25  25  34 
1   3   4   7   9   15  15  16  20  25  25  25  26  27  27  28  28  28  28  37 
0   1   2   9   10  10  10  13  14  15  21  23  23  23  24  25  26  27  27  28 
3   4   5   12  13  13  13  16  17  18  24  26  26  26  27  28  29  30  30  31 
9   10  11  11  19  19  19  22  23  23  25  27  30  31  32  32  32  32  34  36 
11  15  16  17  17  19  22  23  24  25  25  25  26  27  28  32  32  34  36  37 
8   9   10  15  16  17  17  18  18  19  20  23  26  26  26  27  30  30  32  35 
8   9   10  15  16  17  17  18  18  19  20  23  26  26  26  27  30  30  32  35 
2   4   9   11  12  14  15  15  21  22  23  24  25  25  25  27  28  28  28  37 
0   2   7   9   10  12  13  17  19  23  23  23  24  25  25  26  26  26  26  35 
0   2   5   8   10  14  15  17  19  25  25  25  26  27  27  28  28  28  28  37 
0   2   5   8   10  14  15  17  19  25  25  25  26  27  27  28  28  28  28  37 
