0   8   10  6   10  14  16  17  18  27  1   1   3   3   9   11  16  18  18  26  5   5   7   9   10  11  16  25  21  24  11  12  8   8   14  15  19  19  23  28  14  14  13  11  14  14  14  14  18  22  15  14  13  13  17  22  16  16  22  22  19  14  15  18  18  21  25  21  27  25  16  15  22  18  18  19  27  23  28  28  15  15  21  21  27  25  27  24  26  29  15  18  24  29  27  27  29  27  29  29 
8   0   4   11  15  19  21  22  23  32  9   9   11  11  17  19  21  23  23  31  13  13  15  17  18  19  21  30  26  29  19  20  16  16  22  23  26  26  28  33  22  22  21  19  22  22  22  22  26  30  23  22  21  21  25  30  24  24  30  30  27  22  23  26  26  29  33  29  35  33  24  23  30  26  26  27  35  31  36  36  23  23  29  29  35  33  35  32  34  37  23  26  32  37  35  35  37  35  37  37 
10  4   0   7   11  15  17  18  19  28  9   9   7   7   13  15  17  19  19  27  13  13  11  13  14  15  17  26  22  25  19  16  12  12  18  19  22  22  24  29  22  18  17  15  18  18  18  18  22  26  19  18  17  17  21  26  20  20  26  26  23  18  19  22  22  25  29  25  31  29  20  19  26  22  22  23  31  27  32  32  19  19  25  25  31  29  31  28  30  33  19  22  28  33  31  31  33  31  33  33 
6   11  7   0   4   8   10  11  12  21  5   5   3   3   6   8   10  12  12  20  9   9   7   9   7   8   10  19  15  18  15  12  8   8   14  12  15  15  17  22  18  14  13  11  14  14  14  14  18  22  15  14  13  13  17  22  16  16  22  22  19  14  15  18  18  21  25  21  27  25  16  15  22  18  18  19  27  23  28  28  15  15  21  21  27  25  27  24  26  29  15  18  24  29  27  27  29  27  29  29 
10  15  11  4   0   4   6   7   8   17  9   9   7   7   2   4   6   8   8   16  13  13  11  12  3   4   6   15  11  14  19  16  12  12  11  8   11  11  13  18  22  18  17  15  11  11  11  11  15  19  19  18  17  17  14  19  13  13  19  19  23  18  19  22  22  22  22  18  24  22  20  19  26  22  22  23  24  20  25  25  19  19  25  25  31  29  30  21  23  26  19  22  28  33  31  31  26  24  26  26 
14  19  15  8   4   0   2   3   4   13  13  13  11  11  6   7   2   4   4   12  17  17  15  16  7   7   2   11  7   10  23  20  16  16  12  11  7   7   9   14  26  22  21  18  12  12  12  12  16  20  23  22  21  20  15  20  14  14  20  20  27  22  23  23  23  23  23  19  25  23  24  23  28  23  23  24  25  21  26  26  23  23  27  26  32  30  31  22  24  27  23  26  32  34  32  32  27  25  27  27 
16  21  17  10  6   2   0   1   2   11  15  15  13  13  7   5   0   2   2   10  19  19  17  17  8   5   0   9   5   8   23  20  16  16  10  9   5   5   7   12  26  22  21  16  10  10  10  10  14  18  23  22  21  18  13  18  12  12  18  18  27  22  23  21  21  21  21  17  23  21  24  23  26  21  21  22  23  19  24  24  23  23  25  24  30  28  29  20  22  25  23  26  32  32  30  30  25  23  25  25 
17  22  18  11  7   3   1   0   1   10  16  16  14  14  8   6   1   1   1   9   20  20  18  18  9   6   1   9   4   7   24  21  17  17  11  10  6   6   6   11  27  23  22  17  11  11  11  11  15  19  24  23  22  19  14  19  13  13  19  19  28  23  24  22  22  22  22  18  24  22  25  24  27  22  22  23  24  20  25  25  24  24  26  25  31  29  30  21  23  26  24  27  33  33  31  31  26  24  26  26 
18  23  19  12  8   4   2   1   0   9   17  17  15  15  9   7   2   2   0   8   21  21  19  19  10  7   2   9   3   6   25  22  18  18  12  11  7   7   5   10  28  24  23  18  12  12  12  12  14  18  25  24  23  20  15  20  14  14  18  18  29  24  25  23  23  23  23  19  23  21  26  25  28  23  23  24  25  21  26  24  25  25  27  26  32  30  31  22  24  25  25  28  34  34  32  32  27  25  26  26 
27  32  28  21  17  13  11  10  9   0   26  26  24  24  18  16  11  11  9   5   30  30  28  28  19  16  11  18  12  10  34  31  27  27  21  20  16  16  14  17  37  33  32  27  21  21  21  21  23  26  34  33  32  29  24  29  23  23  27  26  38  33  34  32  32  32  32  28  32  29  35  34  37  32  32  33  34  30  35  32  34  34  36  35  41  39  40  31  33  33  34  37  43  43  41  41  36  34  34  34 
1   9   9   5   9   13  15  16  17  26  0   0   2   2   8   10  15  17  17  25  4   4   6   8   9   10  15  24  20  23  10  11  7   7   13  14  18  18  22  27  13  13  12  10  13  13  13  13  17  21  14  13  12  12  16  21  15  15  21  21  18  13  14  17  17  20  24  20  26  24  15  14  21  17  17  18  26  22  27  27  14  14  20  20  26  24  26  23  25  28  14  17  23  28  26  26  28  26  28  28 
1   9   9   5   9   13  15  16  17  26  0   0   2   2   8   10  15  17  17  25  4   4   6   8   9   10  15  24  20  23  10  11  7   7   13  14  18  18  22  27  13  13  12  10  13  13  13  13  17  21  14  13  12  12  16  21  15  15  21  21  18  13  14  17  17  20  24  20  26  24  15  14  21  17  17  18  26  22  27  27  14  14  20  20  26  24  26  23  25  28  14  17  23  28  26  26  28  26  28  28 
3   11  7   3   7   11  13  14  15  24  2   2   0   0   6   8   13  15  15  23  6   6   4   6   7   8   13  22  18  21  12  9   5   5   11  12  16  16  20  25  15  11  10  8   11  11  11  11  15  19  12  11  10  10  14  19  13  13  19  19  16  11  12  15  15  18  22  18  24  22  13  12  19  15  15  16  24  20  25  25  12  12  18  18  24  22  24  21  23  26  12  15  21  26  24  24  26  24  26  26 
3   11  7   3   7   11  13  14  15  24  2   2   0   0   6   8   13  15  15  23  6   6   4   6   7   8   13  22  18  21  12  9   5   5   11  12  16  16  20  25  15  11  10  8   11  11  11  11  15  19  12  11  10  10  14  19  13  13  19  19  16  11  12  15  15  18  22  18  24  22  13  12  19  15  15  16  24  20  25  25  12  12  18  18  24  22  24  21  23  26  12  15  21  26  24  24  26  24  26  26 
9   17  13  6   2   6   7   8   9   18  8   8   6   6   0   2   7   9   9   17  12  12  10  10  1   2   7   16  12  15  18  15  11  11  9   6   12  12  14  19  21  17  16  14  9   9   9   9   13  17  18  17  16  16  12  17  11  11  17  17  22  17  18  20  20  20  20  16  22  20  19  18  25  20  20  21  22  18  23  23  18  18  24  23  29  27  28  19  21  24  18  21  27  31  29  29  24  22  24  24 
11  19  15  8   4   7   5   6   7   16  10  10  8   8   2   0   5   7   7   15  14  14  12  12  3   0   5   14  10  13  20  17  13  13  9   4   10  10  12  17  23  19  18  15  9   9   9   9   13  17  20  19  18  17  12  17  11  11  17  17  24  19  20  20  20  20  20  16  22  20  21  20  25  20  20  21  22  18  23  23  20  20  24  23  29  27  28  19  21  24  20  23  29  31  29  29  24  22  24  24 
16  21  17  10  6   2   0   1   2   11  15  15  13  13  7   5   0   2   2   10  19  19  17  17  8   5   0   9   5   8   23  20  16  16  10  9   5   5   7   12  26  22  21  16  10  10  10  10  14  18  23  22  21  18  13  18  12  12  18  18  27  22  23  21  21  21  21  17  23  21  24  23  26  21  21  22  23  19  24  24  23  23  25  24  30  28  29  20  22  25  23  26  32  32  30  30  25  23  25  25 
18  23  19  12  8   4   2   1   2   11  17  17  15  15  9   7   2   0   2   10  21  21  19  19  10  7   2   8   5   8   25  22  18  18  12  11  7   7   7   12  28  24  23  18  12  12  12  12  16  20  25  24  23  20  15  20  14  14  20  20  29  24  25  23  23  23  23  19  25  23  26  25  28  23  23  24  25  21  26  26  25  25  27  26  32  30  31  22  24  27  25  28  34  34  32  32  27  25  27  27 
18  23  19  12  8   4   2   1   0   9   17  17  15  15  9   7   2   2   0   8   21  21  19  19  10  7   2   9   3   6   25  22  18  18  12  11  7   7   5   10  28  24  23  18  12  12  12  12  14  18  25  24  23  20  15  20  14  14  18  18  29  24  25  23  23  23  23  19  23  21  26  25  28  23  23  24  25  21  26  24  25  25  27  26  32  30  31  22  24  25  25  28  34  34  32  32  27  25  26  26 
26  31  27  20  16  12  10  9   8   5   25  25  23  23  17  15  10  10  8   0   29  29  26  26  18  15  10  14  8   5   32  29  25  25  19  19  14  14  10  12  35  31  30  25  19  19  19  19  19  21  32  31  30  27  22  27  21  21  23  21  36  31  32  30  30  30  30  26  28  24  33  32  35  30  30  31  32  28  33  27  32  32  34  33  39  37  38  29  31  28  32  35  41  41  39  39  33  31  29  29 
5   13  13  9   13  17  19  20  21  30  4   4   6   6   12  14  19  21  21  29  0   0   8   10  13  14  19  27  24  27  6   8   9   9   15  18  20  20  24  29  9   15  14  12  15  15  15  15  19  23  14  15  14  14  18  23  17  17  23  23  18  15  16  19  19  22  26  22  28  26  17  16  23  19  19  20  28  24  29  29  16  16  22  22  28  26  28  25  27  30  16  19  25  30  28  28  30  28  30  30 
5   13  13  9   13  17  19  20  21  30  4   4   6   6   12  14  19  21  21  29  0   0   8   10  13  14  19  27  24  27  6   8   9   9   15  18  20  20  24  29  9   15  14  12  15  15  15  15  19  23  14  15  14  14  18  23  17  17  23  23  18  15  16  19  19  22  26  22  28  26  17  16  23  19  19  20  28  24  29  29  16  16  22  22  28  26  28  25  27  30  16  19  25  30  28  28  30  28  30  30 
7   15  11  7   11  15  17  18  19  28  6   6   4   4   10  12  17  19  19  26  8   8   0   2   11  12  17  19  18  21  8   5   1   1   7   12  12  12  16  21  11  7   6   4   7   7   7   7   11  15  8   7   6   6   10  15  9   9   15  15  12  7   8   11  11  14  18  14  20  18  9   8   15  11  11  12  20  16  21  21  8   8   14  14  20  18  20  17  19  22  8   11  17  22  20  20  22  20  22  22 
9   17  13  9   12  16  17  18  19  28  8   8   6   6   10  12  17  19  19  26  10  10  2   0   9   12  17  19  18  21  8   5   1   1   7   12  12  12  16  21  11  7   6   4   7   7   7   7   11  15  8   7   6   6   10  15  9   9   15  15  12  7   8   11  11  14  18  14  20  18  9   8   15  11  11  12  20  16  21  21  8   8   14  14  20  18  20  17  19  22  8   11  17  22  20  20  22  20  22  22 
10  18  14  7   3   7   8   9   10  19  9   9   7   7   1   3   8   10  10  18  13  13  11  9   0   3   8   17  13  16  17  14  10  10  8   7   13  13  15  20  20  16  15  13  8   8   8   8   12  16  17  16  15  15  11  16  10  10  16  16  21  16  17  19  19  19  19  15  21  19  18  17  24  19  19  20  21  17  22  22  17  17  23  22  28  26  27  18  20  23  17  20  26  30  28  28  23  21  23  23 
11  19  15  8   4   7   5   6   7   16  10  10  8   8   2   0   5   7   7   15  14  14  12  12  3   0   5   14  10  13  20  17  13  13  9   4   10  10  12  17  23  19  18  15  9   9   9   9   13  17  20  19  18  17  12  17  11  11  17  17  24  19  20  20  20  20  20  16  22  20  21  20  25  20  20  21  22  18  23  23  20  20  24  23  29  27  28  19  21  24  20  23  29  31  29  29  24  22  24  24 
16  21  17  10  6   2   0   1   2   11  15  15  13  13  7   5   0   2   2   10  19  19  17  17  8   5   0   9   5   8   23  20  16  16  10  9   5   5   7   12  26  22  21  16  10  10  10  10  14  18  23  22  21  18  13  18  12  12  18  18  27  22  23  21  21  21  21  17  23  21  24  23  26  21  21  22  23  19  24  24  23  23  25  24  30  28  29  20  22  25  23  26  32  32  30  30  25  23  25  25 
25  30  26  19  15  11  9   9   9   18  24  24  22  22  16  14  9   8   9   14  27  27  19  19  17  14  9   0   6   9   25  22  18  18  12  13  7   7   8   13  28  24  23  18  12  12  12  12  16  20  25  24  23  20  15  20  14  14  20  20  29  24  25  23  23  23  23  19  25  23  26  25  28  23  23  24  25  21  26  26  25  25  27  26  32  30  31  22  24  27  25  28  34  34  32  32  27  25  27  27 
21  26  22  15  11  7   5   4   3   12  20  20  18  18  12  10  5   5   3   8   24  24  18  18  13  10  5   6   0   3   24  21  17  17  11  12  6   6   2   7   27  23  22  17  11  11  11  11  11  15  24  23  22  19  14  19  13  13  15  15  28  23  24  22  22  22  22  18  20  18  25  24  27  22  22  23  24  20  25  21  24  24  26  25  31  29  30  21  23  22  24  27  33  33  31  31  26  24  23  23 
24  29  25  18  14  10  8   7   6   10  23  23  21  21  15  13  8   8   6   5   27  27  21  21  16  13  8   9   3   0   27  24  20  20  14  15  9   9   5   7   30  26  25  20  14  14  14  14  14  16  27  26  25  22  17  22  16  16  18  16  31  26  27  25  25  25  25  21  23  19  28  27  30  25  25  26  27  23  28  22  27  27  29  28  34  32  33  24  26  23  27  30  36  36  34  34  28  26  24  24 
11  19  19  15  19  23  23  24  25  34  10  10  12  12  18  20  23  25  25  32  6   6   8   8   17  20  23  25  24  27  0   3   7   7   13  18  18  18  22  27  3   9   10  10  13  13  13  13  17  21  8   9   10  12  16  21  15  15  21  21  12  9   12  17  17  20  24  20  26  24  11  10  17  17  17  18  26  22  27  27  10  10  16  17  24  24  26  23  25  28  10  13  19  25  26  26  28  26  28  28 
12  20  16  12  16  20  20  21  22  31  11  11  9   9   15  17  20  22  22  29  8   8   5   5   14  17  20  22  21  24  3   0   4   4   10  15  15  15  19  24  6   9   9   7   10  10  10  10  14  18  10  9   9   9   13  18  12  12  18  18  14  9   11  14  14  17  21  17  23  21  11  10  17  14  14  15  23  19  24  24  10  10  16  17  23  21  23  20  22  25  10  13  19  25  23  23  25  23  25  25 
8   16  12  8   12  16  16  17  18  27  7   7   5   5   11  13  16  18  18  25  9   9   1   1   10  13  16  18  17  20  7   4   0   0   6   11  11  11  15  20  10  6   5   3   6   6   6   6   10  14  7   6   5   5   9   14  8   8   14  14  11  6   7   10  10  13  17  13  19  17  8   7   14  10  10  11  19  15  20  20  7   7   13  13  19  17  19  16  18  21  7   10  16  21  19  19  21  19  21  21 
8   16  12  8   12  16  16  17  18  27  7   7   5   5   11  13  16  18  18  25  9   9   1   1   10  13  16  18  17  20  7   4   0   0   6   11  11  11  15  20  10  6   5   3   6   6   6   6   10  14  7   6   5   5   9   14  8   8   14  14  11  6   7   10  10  13  17  13  19  17  8   7   14  10  10  11  19  15  20  20  7   7   13  13  19  17  19  16  18  21  7   10  16  21  19  19  21  19  21  21 
14  22  18  14  11  12  10  11  12  21  13  13  11  11  9   9   10  12  12  19  15  15  7   7   8   9   10  12  11  14  13  10  6   6   0   5   5   5   9   14  16  12  11  6   0   0   0   0   4   8   13  12  11  8   3   8   2   2   8   8   17  12  13  11  11  11  11  7   13  11  14  13  16  11  11  12  13  9   14  14  13  13  15  14  20  18  19  10  12  15  13  16  22  22  20  20  15  13  15  15 
15  23  19  12  8   11  9   10  11  20  14  14  12  12  6   4   9   11  11  19  18  18  12  12  7   4   9   13  12  15  18  15  11  11  5   0   6   6   10  15  21  17  16  11  5   5   5   5   9   13  18  17  16  13  8   13  7   7   13  13  22  17  18  16  16  16  16  12  18  16  19  18  21  16  16  17  18  14  19  19  18  18  20  19  25  23  24  15  17  20  18  21  27  27  25  25  20  18  20  20 
19  26  22  15  11  7   5   6   7   16  18  18  16  16  12  10  5   7   7   14  20  20  12  12  13  10  5   7   6   9   18  15  11  11  5   6   0   0   4   9   21  17  16  11  5   5   5   5   9   13  18  17  16  13  8   13  7   7   13  13  22  17  18  16  16  16  16  12  18  16  19  18  21  16  16  17  18  14  19  19  18  18  20  19  25  23  24  15  17  20  18  21  27  27  25  25  20  18  20  20 
19  26  22  15  11  7   5   6   7   16  18  18  16  16  12  10  5   7   7   14  20  20  12  12  13  10  5   7   6   9   18  15  11  11  5   6   0   0   4   9   21  17  16  11  5   5   5   5   9   13  18  17  16  13  8   13  7   7   13  13  22  17  18  16  16  16  16  12  18  16  19  18  21  16  16  17  18  14  19  19  18  18  20  19  25  23  24  15  17  20  18  21  27  27  25  25  20  18  20  20 
23  28  24  17  13  9   7   6   5   14  22  22  20  20  14  12  7   7   5   10  24  24  16  16  15  12  7   8   2   5   22  19  15  15  9   10  4   4   0   5   25  21  20  15  9   9   9   9   9   13  22  21  20  17  12  17  11  11  13  13  26  21  22  20  20  20  20  16  18  16  23  22  25  20  20  21  22  18  23  19  22  22  24  23  29  27  28  19  21  20  22  25  31  31  29  29  24  22  21  21 
28  33  29  22  18  14  12  11  10  17  27  27  25  25  19  17  12  12  10  12  29  29  21  21  20  17  12  13  7   7   27  24  20  20  14  15  9   9   5   0   30  26  25  20  14  14  14  14  13  9   27  26  25  22  17  22  16  16  17  9   31  26  27  25  25  25  25  21  20  12  28  27  30  25  25  26  27  23  23  15  27  27  29  28  33  29  28  22  22  16  27  30  36  36  27  27  21  19  17  17 
14  22  22  18  22  26  26  27  28  37  13  13  15  15  21  23  26  28  28  35  9   9   11  11  20  23  26  28  27  30  3   6   10  10  16  21  21  21  25  30  0   6   7   13  16  16  16  16  20  24  5   6   7   13  19  20  18  18  24  24  9   6   9   14  14  17  21  23  29  27  8   7   14  14  14  15  23  25  30  30  7   7   13  14  21  21  23  26  28  31  7   10  16  22  23  23  29  29  31  31 
14  22  18  14  18  22  22  23  24  33  13  13  11  11  17  19  22  24  24  31  15  15  7   7   16  19  22  24  23  26  9   9   6   6   12  17  17  17  21  26  6   0   1   9   12  12  12  12  16  20  1   0   1   7   13  14  14  14  20  20  5   0   3   8   8   11  15  19  25  23  2   1   8   8   8   9   17  21  26  26  1   1   7   8   15  15  17  22  24  27  1   4   10  16  17  17  23  25  27  27 
13  21  17  13  17  21  21  22  23  32  12  12  10  10  16  18  21  23  23  30  14  14  6   6   15  18  21  23  22  25  10  9   5   5   11  16  16  16  20  25  7   1   0   8   11  11  11  11  15  19  2   1   0   6   12  13  13  13  19  19  6   1   2   7   7   10  14  18  24  22  3   2   9   7   7   8   16  20  25  25  2   2   8   9   16  14  16  21  23  26  2   5   11  17  16  16  22  24  26  26 
11  19  15  11  15  18  16  17  18  27  10  10  8   8   14  15  16  18  18  25  12  12  4   4   13  15  16  18  17  20  10  7   3   3   6   11  11  11  15  20  13  9   8   0   6   6   6   6   10  14  10  9   8   2   8   13  8   8   14  14  14  9   10  7   7   10  14  13  19  17  11  10  12  7   7   8   16  15  20  20  10  10  11  10  16  14  16  16  18  21  10  13  18  18  16  16  21  19  21  21 
14  22  18  14  11  12  10  11  12  21  13  13  11  11  9   9   10  12  12  19  15  15  7   7   8   9   10  12  11  14  13  10  6   6   0   5   5   5   9   14  16  12  11  6   0   0   0   0   4   8   13  12  11  8   3   8   2   2   8   8   17  12  13  11  11  11  11  7   13  11  14  13  16  11  11  12  13  9   14  14  13  13  15  14  20  18  19  10  12  15  13  16  22  22  20  20  15  13  15  15 
14  22  18  14  11  12  10  11  12  21  13  13  11  11  9   9   10  12  12  19  15  15  7   7   8   9   10  12  11  14  13  10  6   6   0   5   5   5   9   14  16  12  11  6   0   0   0   0   4   8   13  12  11  8   3   8   2   2   8   8   17  12  13  11  11  11  11  7   13  11  14  13  16  11  11  12  13  9   14  14  13  13  15  14  20  18  19  10  12  15  13  16  22  22  20  20  15  13  15  15 
14  22  18  14  11  12  10  11  12  21  13  13  11  11  9   9   10  12  12  19  15  15  7   7   8   9   10  12  11  14  13  10  6   6   0   5   5   5   9   14  16  12  11  6   0   0   0   0   4   8   13  12  11  8   3   8   2   2   8   8   17  12  13  11  11  11  11  7   13  11  14  13  16  11  11  12  13  9   14  14  13  13  15  14  20  18  19  10  12  15  13  16  22  22  20  20  15  13  15  15 
14  22  18  14  11  12  10  11  12  21  13  13  11  11  9   9   10  12  12  19  15  15  7   7   8   9   10  12  11  14  13  10  6   6   0   5   5   5   9   14  16  12  11  6   0   0   0   0   4   8   13  12  11  8   3   8   2   2   8   8   17  12  13  11  11  11  11  7   13  11  14  13  16  11  11  12  13  9   14  14  13  13  15  14  20  18  19  10  12  15  13  16  22  22  20  20  15  13  15  15 
18  26  22  18  15  16  14  15  14  23  17  17  15  15  13  13  14  16  14  19  19  19  11  11  12  13  14  16  11  14  17  14  10  10  4   9   9   9   9   13  20  16  15  10  4   4   4   4   0   4   17  16  15  12  7   12  6   6   4   4   21  16  17  15  15  15  15  11  9   7   18  17  20  15  15  16  17  13  14  10  17  17  19  18  24  22  23  14  16  11  17  20  26  26  22  22  16  14  12  12 
22  30  26  22  19  20  18  19  18  26  21  21  19  19  17  17  18  20  18  21  23  23  15  15  16  17  18  20  15  16  21  18  14  14  8   13  13  13  13  9   24  20  19  14  8   8   8   8   4   0   21  20  19  16  11  16  10  10  8   0   25  20  21  19  19  19  19  15  11  3   22  21  24  19  19  20  21  14  14  6   21  21  23  22  24  20  19  13  13  7   21  24  30  27  18  18  12  10  8   8  
15  23  19  15  19  23  23  24  25  34  14  14  12  12  18  20  23  25  25  32  14  14  8   8   17  20  23  25  24  27  8   10  7   7   13  18  18  18  22  27  5   1   2   10  13  13  13  13  17  21  0   1   2   8   14  15  15  15  21  21  4   1   4   9   9   12  16  20  26  24  3   2   9   9   9   10  18  22  27  27  2   2   8   9   16  16  18  23  25  28  2   5   11  17  18  18  24  26  28  28 
14  22  18  14  18  22  22  23  24  33  13  13  11  11  17  19  22  24  24  31  15  15  7   7   16  19  22  24  23  26  9   9   6   6   12  17  17  17  21  26  6   0   1   9   12  12  12  12  16  20  1   0   1   7   13  14  14  14  20  20  5   0   3   8   8   11  15  19  25  23  2   1   8   8   8   9   17  21  26  26  1   1   7   8   15  15  17  22  24  27  1   4   10  16  17  17  23  25  27  27 
13  21  17  13  17  21  21  22  23  32  12  12  10  10  16  18  21  23  23  30  14  14  6   6   15  18  21  23  22  25  10  9   5   5   11  16  16  16  20  25  7   1   0   8   11  11  11  11  15  19  2   1   0   6   12  13  13  13  19  19  6   1   2   7   7   10  14  18  24  22  3   2   9   7   7   8   16  20  25  25  2   2   8   9   16  14  16  21  23  26  2   5   11  17  16  16  22  24  26  26 
13  21  17  13  17  20  18  19  20  29  12  12  10  10  16  17  18  20  20  27  14  14  6   6   15  17  18  20  19  22  12  9   5   5   8   13  13  13  17  22  13  7   6   2   8   8   8   8   12  16  8   7   6   0   6   11  10  10  16  16  12  7   8   5   5   8   12  15  21  19  9   8   10  5   5   6   14  17  22  22  8   8   9   8   14  12  14  18  20  23  8   11  16  16  14  14  20  21  23  23 
17  25  21  17  14  15  13  14  15  24  16  16  14  14  12  12  13  15  15  22  18  18  10  10  11  12  13  15  14  17  16  13  9   9   3   8   8   8   12  17  19  13  12  8   3   3   3   3   7   11  14  13  12  6   0   9   5   5   11  11  18  13  13  8   8   11  14  10  16  14  15  14  13  8   8   9   16  12  17  17  14  14  12  11  17  15  17  13  15  18  14  17  19  19  17  17  18  16  18  18 
22  30  26  22  19  20  18  19  20  29  21  21  19  19  17  17  18  20  20  27  23  23  15  15  16  17  18  20  19  22  21  18  14  14  8   13  13  13  17  22  20  14  13  13  8   8   8   8   12  16  15  14  13  11  9   0   6   7   13  16  19  14  11  6   6   3   7   12  18  19  16  15  11  6   6   5   9   14  19  22  15  15  10  9   15  11  13  15  17  21  15  18  17  17  13  13  19  18  20  20 
16  24  20  16  13  14  12  13  14  23  15  15  13  13  11  11  12  14  14  21  17  17  9   9   10  11  12  14  13  16  15  12  8   8   2   7   7   7   11  16  18  14  13  8   2   2   2   2   6   10  15  14  13  10  5   6   0   1   7   10  19  14  15  12  12  9   9   6   12  13  16  15  17  12  12  11  11  8   13  16  15  15  16  15  21  17  17  9   11  15  15  18  23  23  19  19  14  12  14  14 
16  24  20  16  13  14  12  13  14  23  15  15  13  13  11  11  12  14  14  21  17  17  9   9   10  11  12  14  13  16  15  12  8   8   2   7   7   7   11  16  18  14  13  8   2   2   2   2   6   10  15  14  13  10  5   7   1   0   6   10  19  14  15  13  13  10  10  5   11  13  16  15  18  13  13  12  12  7   12  15  15  15  17  16  22  18  17  8   10  14  15  18  24  24  19  19  13  11  13  13 
22  30  26  22  19  20  18  19  18  27  21  21  19  19  17  17  18  20  18  23  23  23  15  15  16  17  18  20  15  18  21  18  14  14  8   13  13  13  13  17  24  20  19  14  8   8   8   8   4   8   21  20  19  16  11  13  7   6   0   8   25  20  21  19  19  16  16  11  5   11  22  21  24  19  19  18  18  13  10  14  21  21  23  22  28  24  23  14  16  15  21  24  30  30  25  25  19  17  16  16 
22  30  26  22  19  20  18  19  18  26  21  21  19  19  17  17  18  20  18  21  23  23  15  15  16  17  18  20  15  16  21  18  14  14  8   13  13  13  13  9   24  20  19  14  8   8   8   8   4   0   21  20  19  16  11  16  10  10  8   0   25  20  21  19  19  19  19  15  11  3   22  21  24  19  19  20  21  14  14  6   21  21  23  22  24  20  19  13  13  7   21  24  30  27  18  18  12  10  8   8  
19  27  23  19  23  27  27  28  29  38  18  18  16  16  22  24  27  29  29  36  18  18  12  12  21  24  27  29  28  31  12  14  11  11  17  22  22  22  26  31  9   5   6   14  17  17  17  17  21  25  4   5   6   12  18  19  19  19  25  25  0   5   8   13  13  16  20  24  30  28  4   5   12  13  13  14  22  26  31  31  5   5   11  12  19  20  22  27  29  32  5   8   14  20  22  22  28  30  32  32 
14  22  18  14  18  22  22  23  24  33  13  13  11  11  17  19  22  24  24  31  15  15  7   7   16  19  22  24  23  26  9   9   6   6   12  17  17  17  21  26  6   0   1   9   12  12  12  12  16  20  1   0   1   7   13  14  14  14  20  20  5   0   3   8   8   11  15  19  25  23  2   1   8   8   8   9   17  21  26  26  1   1   7   8   15  15  17  22  24  27  1   4   10  16  17  17  23  25  27  27 
15  23  19  15  19  23  23  24  25  34  14  14  12  12  18  20  23  25  25  32  16  16  8   8   17  20  23  25  24  27  12  11  7   7   13  18  18  18  22  27  9   3   2   10  13  13  13  13  17  21  4   3   2   8   13  11  15  15  21  21  8   3   0   5   5   8   12  18  24  24  5   4   9   5   5   6   14  20  25  26  4   4   9   8   14  12  14  21  23  25  4   7   13  16  14  14  20  22  24  24 
18  26  22  18  22  23  21  22  23  32  17  17  15  15  20  20  21  23  23  30  19  19  11  11  19  20  21  23  22  25  17  14  10  10  11  16  16  16  20  25  14  8   7   7   11  11  11  11  15  19  9   8   7   5   8   6   12  13  19  19  13  8   5   0   0   3   7   13  19  22  10  9   5   0   0   1   9   15  20  21  9   9   4   3   9   7   9   16  18  20  9   12  11  11  9   9   15  17  19  19 
18  26  22  18  22  23  21  22  23  32  17  17  15  15  20  20  21  23  23  30  19  19  11  11  19  20  21  23  22  25  17  14  10  10  11  16  16  16  20  25  14  8   7   7   11  11  11  11  15  19  9   8   7   5   8   6   12  13  19  19  13  8   5   0   0   3   7   13  19  22  10  9   5   0   0   1   9   15  20  21  9   9   4   3   9   7   9   16  18  20  9   12  11  11  9   9   15  17  19  19 
21  29  25  21  22  23  21  22  23  32  20  20  18  18  20  20  21  23  23  30  22  22  14  14  19  20  21  23  22  25  20  17  13  13  11  16  16  16  20  25  17  11  10  10  11  11  11  11  15  19  12  11  10  8   11  3   9   10  16  19  16  11  8   3   3   0   4   10  16  22  13  12  8   3   3   2   6   12  17  20  12  12  7   6   12  8   10  13  15  19  12  15  14  14  10  10  16  16  18  18 
25  33  29  25  22  23  21  22  23  32  24  24  22  22  20  20  21  23  23  30  26  26  18  18  19  20  21  23  22  25  24  21  17  17  11  16  16  16  20  25  21  15  14  14  11  11  11  11  15  19  16  15  14  12  14  7   9   10  16  19  20  15  12  7   7   4   0   6   12  19  17  16  12  7   7   6   2   8   13  16  16  16  11  10  15  10  8   9   11  15  16  19  18  18  12  12  14  12  14  14 
21  29  25  21  18  19  17  18  19  28  20  20  18  18  16  16  17  19  19  26  22  22  14  14  15  16  17  19  18  21  20  17  13  13  7   12  12  12  16  21  23  19  18  13  7   7   7   7   11  15  20  19  18  15  10  12  6   5   11  15  24  19  18  13  13  10  6   0   6   13  21  20  18  13  13  12  8   2   7   10  20  20  17  16  19  14  12  3   5   9   20  23  24  23  14  14  8   6   8   8  
27  35  31  27  24  25  23  24  23  32  26  26  24  24  22  22  23  25  23  28  28  28  20  20  21  22  23  25  20  23  26  23  19  19  13  18  18  18  18  20  29  25  24  19  13  13  13  13  9   11  26  25  24  21  16  18  12  11  5   11  30  25  24  19  19  16  12  6   0   8   27  26  24  19  19  18  14  8   5   11  26  26  23  22  25  20  18  9   11  12  26  29  30  29  20  20  14  12  13  13 
25  33  29  25  22  23  21  22  21  29  24  24  22  22  20  20  21  23  21  24  26  26  18  18  19  20  21  23  18  19  24  21  17  17  11  16  16  16  16  12  27  23  22  17  11  11  11  11  7   3   24  23  22  19  14  19  13  13  11  3   28  23  24  22  22  22  19  13  8   0   25  24  27  22  22  23  18  11  11  3   24  24  26  25  21  17  16  10  10  4   24  27  32  24  15  15  9   7   5   5  
16  24  20  16  20  24  24  25  26  35  15  15  13  13  19  21  24  26  26  33  17  17  9   9   18  21  24  26  25  28  11  11  8   8   14  19  19  19  23  28  8   2   3   11  14  14  14  14  18  22  3   2   3   9   15  16  16  16  22  22  4   2   5   10  10  13  17  21  27  25  0   1   8   10  10  11  19  23  28  28  1   1   7   8   15  17  19  24  26  29  1   4   10  16  19  19  25  27  29  29 
15  23  19  15  19  23  23  24  25  34  14  14  12  12  18  20  23  25  25  32  16  16  8   8   17  20  23  25  24  27  10  10  7   7   13  18  18  18  22  27  7   1   2   10  13  13  13  13  17  21  2   1   2   8   14  15  15  15  21  21  5   1   4   9   9   12  16  20  26  24  1   0   7   9   9   10  18  22  27  27  0   0   6   7   14  16  18  23  25  28  0   3   9   15  18  18  24  26  28  28 
22  30  26  22  26  28  26  27  28  37  21  21  19  19  25  25  26  28  28  35  23  23  15  15  24  25  26  28  27  30  17  17  14  14  16  21  21  21  25  30  14  8   9   12  16  16  16  16  20  24  9   8   9   10  13  11  17  18  24  24  12  8   9   5   5   8   12  18  24  27  8   7   0   5   5   6   14  20  25  26  7   7   1   2   9   12  14  21  23  25  7   10  8   10  14  14  20  22  24  24 
18  26  22  18  22  23  21  22  23  32  17  17  15  15  20  20  21  23  23  30  19  19  11  11  19  20  21  23  22  25  17  14  10  10  11  16  16  16  20  25  14  8   7   7   11  11  11  11  15  19  9   8   7   5   8   6   12  13  19  19  13  8   5   0   0   3   7   13  19  22  10  9   5   0   0   1   9   15  20  21  9   9   4   3   9   7   9   16  18  20  9   12  11  11  9   9   15  17  19  19 
18  26  22  18  22  23  21  22  23  32  17  17  15  15  20  20  21  23  23  30  19  19  11  11  19  20  21  23  22  25  17  14  10  10  11  16  16  16  20  25  14  8   7   7   11  11  11  11  15  19  9   8   7   5   8   6   12  13  19  19  13  8   5   0   0   3   7   13  19  22  10  9   5   0   0   1   9   15  20  21  9   9   4   3   9   7   9   16  18  20  9   12  11  11  9   9   15  17  19  19 
19  27  23  19  23  24  22  23  24  33  18  18  16  16  21  21  22  24  24  31  20  20  12  12  20  21  22  24  23  26  18  15  11  11  12  17  17  17  21  26  15  9   8   8   12  12  12  12  16  20  10  9   8   6   9   5   11  12  18  20  14  9   6   1   1   2   6   12  18  23  11  10  6   1   1   0   8   14  19  20  10  10  5   4   10  6   8   15  17  19  10  13  12  12  8   8   14  16  18  18 
27  35  31  27  24  25  23  24  25  34  26  26  24  24  22  22  23  25  25  32  28  28  20  20  21  22  23  25  24  27  26  23  19  19  13  18  18  18  22  27  23  17  16  16  13  13  13  13  17  21  18  17  16  14  16  9   11  12  18  21  22  17  14  9   9   6   2   8   14  18  19  18  14  9   9   8   0   7   12  15  18  18  13  12  13  8   6   8   10  14  18  21  20  19  10  10  13  11  13  13 
23  31  27  23  20  21  19  20  21  30  22  22  20  20  18  18  19  21  21  28  24  24  16  16  17  18  19  21  20  23  22  19  15  15  9   14  14  14  18  23  25  21  20  15  9   9   9   9   13  14  22  21  20  17  12  14  8   7   13  14  26  21  20  15  15  12  8   2   8   11  23  22  20  15  15  14  7   0   5   8   22  22  19  18  17  12  10  1   3   7   22  25  26  21  12  12  6   4   6   6  
28  36  32  28  25  26  24  25  26  35  27  27  25  25  23  23  24  26  26  33  29  29  21  21  22  23  24  26  25  28  27  24  20  20  14  19  19  19  23  23  30  26  25  20  14  14  14  14  14  14  27  26  25  22  17  19  13  12  10  14  31  26  25  20  20  17  13  7   5   11  28  27  25  20  20  19  12  5   0   8   27  27  24  23  22  17  15  6   7   9   27  30  31  26  17  17  11  9   10  10 
28  36  32  28  25  26  24  25  24  32  27  27  25  25  23  23  24  26  24  27  29  29  21  21  22  23  24  26  21  22  27  24  20  20  14  19  19  19  19  15  30  26  25  20  14  14  14  14  10  6   27  26  25  22  17  22  16  15  14  6   31  26  26  21  21  20  16  10  11  3   28  27  26  21  21  20  15  8   8   0   27  27  25  24  18  14  13  7   7   1   27  30  29  21  12  12  6   4   2   2  
15  23  19  15  19  23  23  24  25  34  14  14  12  12  18  20  23  25  25  32  16  16  8   8   17  20  23  25  24  27  10  10  7   7   13  18  18  18  22  27  7   1   2   10  13  13  13  13  17  21  2   1   2   8   14  15  15  15  21  21  5   1   4   9   9   12  16  20  26  24  1   0   7   9   9   10  18  22  27  27  0   0   6   7   14  16  18  23  25  28  0   3   9   15  18  18  24  26  28  28 
15  23  19  15  19  23  23  24  25  34  14  14  12  12  18  20  23  25  25  32  16  16  8   8   17  20  23  25  24  27  10  10  7   7   13  18  18  18  22  27  7   1   2   10  13  13  13  13  17  21  2   1   2   8   14  15  15  15  21  21  5   1   4   9   9   12  16  20  26  24  1   0   7   9   9   10  18  22  27  27  0   0   6   7   14  16  18  23  25  28  0   3   9   15  18  18  24  26  28  28 
21  29  25  21  25  27  25  26  27  36  20  20  18  18  24  24  25  27  27  34  22  22  14  14  23  24  25  27  26  29  16  16  13  13  15  20  20  20  24  29  13  7   8   11  15  15  15  15  19  23  8   7   8   9   12  10  16  17  23  23  11  7   9   4   4   7   11  17  23  26  7   6   1   4   4   5   13  19  24  25  6   6   0   1   8   11  13  20  22  24  6   9   7   9   13  13  19  21  23  23 
21  29  25  21  25  26  24  25  26  35  20  20  18  18  23  23  24  26  26  33  22  22  14  14  22  23  24  26  25  28  17  17  13  13  14  19  19  19  23  28  14  8   9   10  14  14  14  14  18  22  9   8   9   8   11  9   15  16  22  22  12  8   8   3   3   6   10  16  22  25  8   7   2   3   3   4   12  18  23  24  7   7   1   0   7   10  12  19  21  23  7   10  8   8   12  12  18  20  22  22 
27  35  31  27  31  32  30  31  32  41  26  26  24  24  29  29  30  32  32  39  28  28  20  20  28  29  30  32  31  34  24  23  19  19  20  25  25  25  29  33  21  15  16  16  20  20  20  20  24  24  16  15  16  14  17  15  21  22  28  24  19  15  14  9   9   12  15  19  25  21  15  14  9   9   9   10  13  17  22  18  14  14  8   7   0   5   7   16  18  17  14  17  15  15  6   6   12  14  16  16 
25  33  29  25  29  30  28  29  30  39  24  24  22  22  27  27  28  30  30  37  26  26  18  18  26  27  28  30  29  32  24  21  17  17  18  23  23  23  27  29  21  15  14  14  18  18  18  18  22  20  16  15  14  12  15  11  17  18  24  20  20  15  12  7   7   8   10  14  20  17  17  16  12  7   7   6   8   12  17  14  16  16  11  10  5   0   2   11  13  13  16  19  18  11  2   2   8   10  12  12 
27  35  31  27  30  31  29  30  31  40  26  26  24  24  28  28  29  31  31  38  28  28  20  20  27  28  29  31  30  33  26  23  19  19  19  24  24  24  28  28  23  17  16  16  19  19  19  19  23  19  18  17  16  14  17  13  17  17  23  19  22  17  14  9   9   10  8   12  18  16  19  18  14  9   9   8   6   10  15  13  18  18  13  12  7   2   0   9   11  12  18  21  20  13  4   4   7   9   11  11 
24  32  28  24  21  22  20  21  22  31  23  23  21  21  19  19  20  22  22  29  25  25  17  17  18  19  20  22  21  24  23  20  16  16  10  15  15  15  19  22  26  22  21  16  10  10  10  10  14  13  23  22  21  18  13  15  9   8   14  13  27  22  21  16  16  13  9   3   9   10  24  23  21  16  16  15  8   1   6   7   23  23  20  19  16  11  9   0   2   6   23  26  27  20  11  11  5   3   5   5  
26  34  30  26  23  24  22  23  24  33  25  25  23  23  21  21  22  24  24  31  27  27  19  19  20  21  22  24  23  26  25  22  18  18  12  17  17  17  21  22  28  24  23  18  12  12  12  12  16  13  25  24  23  20  15  17  11  10  16  13  29  24  23  18  18  15  11  5   11  10  26  25  23  18  18  17  10  3   7   7   25  25  22  21  18  13  11  2   0   6   25  28  29  22  13  13  7   5   7   7  
29  37  33  29  26  27  25  26  25  33  28  28  26  26  24  24  25  27  25  28  30  30  22  22  23  24  25  27  22  23  28  25  21  21  15  20  20  20  20  16  31  27  26  21  15  15  15  15  11  7   28  27  26  23  18  21  15  14  15  7   32  27  25  20  20  19  15  9   12  4   29  28  25  20  20  19  14  7   9   1   28  28  24  23  17  13  12  6   6   0   28  31  28  20  11  11  5   3   1   1  
15  23  19  15  19  23  23  24  25  34  14  14  12  12  18  20  23  25  25  32  16  16  8   8   17  20  23  25  24  27  10  10  7   7   13  18  18  18  22  27  7   1   2   10  13  13  13  13  17  21  2   1   2   8   14  15  15  15  21  21  5   1   4   9   9   12  16  20  26  24  1   0   7   9   9   10  18  22  27  27  0   0   6   7   14  16  18  23  25  28  0   3   9   15  18  18  24  26  28  28 
18  26  22  18  22  26  26  27  28  37  17  17  15  15  21  23  26  28  28  35  19  19  11  11  20  23  26  28  27  30  13  13  10  10  16  21  21  21  25  30  10  4   5   13  16  16  16  16  20  24  5   4   5   11  17  18  18  18  24  24  8   4   7   12  12  15  19  23  29  27  4   3   10  12  12  13  21  25  30  30  3   3   9   10  17  19  21  26  28  31  3   0   6   14  21  21  27  29  31  31 
24  32  28  24  28  32  32  33  34  43  23  23  21  21  27  29  32  34  34  41  25  25  17  17  26  29  32  34  33  36  19  19  16  16  22  27  27  27  31  36  16  10  11  18  22  22  22  22  26  30  11  10  11  16  19  17  23  24  30  30  14  10  13  11  11  14  18  24  30  32  10  9   8   11  11  12  20  26  31  29  9   9   7   8   15  18  20  27  29  28  9   6   0   8   17  17  23  25  27  27 
29  37  33  29  33  34  32  33  34  43  28  28  26  26  31  31  32  34  34  41  30  30  22  22  30  31  32  34  33  36  25  25  21  21  22  27  27  27  31  36  22  16  17  18  22  22  22  22  26  27  17  16  17  16  19  17  23  24  30  27  20  16  16  11  11  14  18  23  29  24  16  15  10  11  11  12  19  21  26  21  15  15  9   8   15  11  13  20  22  20  15  14  8   0   9   9   15  17  19  19 
27  35  31  27  31  32  30  31  32  41  26  26  24  24  29  29  30  32  32  39  28  28  20  20  28  29  30  32  31  34  26  23  19  19  20  25  25  25  29  27  23  17  16  16  20  20  20  20  22  18  18  17  16  14  17  13  19  19  25  18  22  17  14  9   9   10  12  14  20  15  19  18  14  9   9   8   10  12  17  12  18  18  13  12  6   2   4   11  13  11  18  21  17  9   0   0   6   8   10  10 
27  35  31  27  31  32  30  31  32  41  26  26  24  24  29  29  30  32  32  39  28  28  20  20  28  29  30  32  31  34  26  23  19  19  20  25  25  25  29  27  23  17  16  16  20  20  20  20  22  18  18  17  16  14  17  13  19  19  25  18  22  17  14  9   9   10  12  14  20  15  19  18  14  9   9   8   10  12  17  12  18  18  13  12  6   2   4   11  13  11  18  21  17  9   0   0   6   8   10  10 
29  37  33  29  26  27  25  26  27  36  28  28  26  26  24  24  25  27  27  33  30  30  22  22  23  24  25  27  26  28  28  25  21  21  15  20  20  20  24  21  29  23  22  21  15  15  15  15  16  12  24  23  22  20  18  19  14  13  19  12  28  23  20  15  15  16  14  8   14  9   25  24  20  15  15  14  13  6   11  6   24  24  19  18  12  8   7   5   7   5   24  27  23  15  6   6   0   2   4   4  
27  35  31  27  24  25  23  24  25  34  26  26  24  24  22  22  23  25  25  31  28  28  20  20  21  22  23  25  24  26  26  23  19  19  13  18  18  18  22  19  29  25  24  19  13  13  13  13  14  10  26  25  24  21  16  18  12  11  17  10  30  25  22  17  17  16  12  6   12  7   27  26  22  17  17  16  11  4   9   4   26  26  21  20  14  10  9   3   5   3   26  29  25  17  8   8   2   0   2   2  
29  37  33  29  26  27  25  26  26  34  28  28  26  26  24  24  25  27  26  29  30  30  22  22  23  24  25  27  23  24  28  25  21  21  15  20  20  20  21  17  31  27  26  21  15  15  15  15  12  8   28  27  26  23  18  20  14  13  16  8   32  27  24  19  19  18  14  8   13  5   29  28  24  19  19  18  13  6   10  2   28  28  23  22  16  12  11  5   7   1   28  31  27  19  10  10  4   2   0   0  
29  37  33  29  26  27  25  26  26  34  28  28  26  26  24  24  25  27  26  29  30  30  22  22  23  24  25  27  23  24  28  25  21  21  15  20  20  20  21  17  31  27  26  21  15  15  15  15  12  8   28  27  26  23  18  20  14  13  16  8   32  27  24  19  19  18  14  8   13  5   29  28  24  19  19  18  13  6   10  2   28  28  23  22  16  12  11  5   7   1   28  31  27  19  10  10  4   2   0   0  
