14  7   2   5   18  8   15  3   0   10  19  6   16  17  4   1   11  12  9   13 
7   14  2   5   18  6   8   10  3   15  0   16  19  17  4   1   12  11  9   13 
7   14  18  6   8   10  3   15  0   16  2   5   19  17  4   1   12  11  9   13 
14  6   10  7   16  18  8   3   15  0   2   5   19  17  4   12  1   11  9   13 
6   10  16  14  3   19  7   18  8   15  12  0   5   4   2   1   17  11  9   13 
6   10  16  3   14  19  12  7   4   18  8   15  17  0   5   2   1   11  9   13 
6   10  16  3   19  12  14  4   18  1   17  7   8   15  0   11  5   2   9   13 
16  6   10  3   12  19  14  4   18  1   17  7   8   15  0   11  5   2   9   13 
16  6   10  12  3   19  14  4   1   18  17  7   8   15  0   11  5   2   13  9  
16  6   10  12  3   19  4   14  1   18  17  7   8   15  0   11  5   2   13  9  
14  7   2   5   18  8   15  3   0   10  19  6   16  17  4   1   11  12  9   13 
14  7   2   5   18  8   15  3   0   10  19  6   16  17  4   1   11  12  9   13 
14  18  8   15  3   7   0   2   5   10  19  6   16  17  4   1   11  12  9   13 
14  18  8   15  3   7   0   2   5   10  19  6   16  17  4   1   11  12  9   13 
6   10  14  16  3   19  18  8   15  4   7   0   5   2   12  1   17  11  9   13 
6   10  16  3   14  19  4   18  12  8   15  7   17  0   5   2   1   11  9   13 
6   10  16  3   19  12  14  4   18  1   17  7   8   15  0   11  5   2   9   13 
16  6   10  3   12  19  14  4   18  1   17  7   8   15  0   11  5   2   9   13 
16  6   10  12  3   19  14  4   1   18  17  7   8   15  0   11  5   2   13  9  
16  6   10  12  3   19  4   1   14  18  13  17  8   7   11  15  0   2   5   9  
14  2   5   18  7   8   15  3   0   19  10  17  6   16  4   1   11  12  9   13 
14  2   5   18  7   8   15  3   0   19  10  17  6   16  4   1   11  12  9   13 
18  14  8   15  3   0   2   5   19  17  4   7   6   10  1   16  11  12  9   13 
18  8   15  3   0   2   14  5   19  17  4   6   10  7   1   16  11  12  9   13 
3   6   10  14  19  16  18  8   15  4   0   5   2   7   1   17  12  11  9   13 
6   10  16  3   14  19  4   18  12  8   15  7   17  0   5   2   1   11  9   13 
6   10  16  3   19  12  14  4   18  1   17  7   8   15  0   11  5   2   9   13 
16  6   10  3   12  19  4   18  1   17  8   15  14  0   11  5   2   9   13  7  
16  6   10  12  3   19  4   1   14  18  17  8   15  13  0   5   2   11  9   7  
12  16  6   10  3   19  4   1   14  18  13  17  8   15  11  0   5   2   9   7  
2   5   18  15  0   14  8   3   19  17  7   4   6   10  1   16  11  12  9   13 
18  2   5   15  8   0   3   14  19  17  4   6   10  7   1   16  11  12  9   13 
18  8   15  3   0   2   14  5   19  17  4   6   10  7   1   16  11  12  9   13 
18  8   15  3   0   2   14  5   19  17  4   6   10  7   1   16  11  12  9   13 
3   19  4   6   18  10  1   17  8   16  15  14  0   11  5   2   12  9   13  7  
3   19  6   10  16  4   14  18  12  1   17  8   15  0   11  5   2   9   13  7  
3   6   10  19  16  12  4   18  1   17  8   15  14  0   11  5   2   9   13  7  
3   6   10  19  16  12  4   18  1   17  8   15  14  0   11  5   2   9   13  7  
12  16  6   10  3   19  4   1   18  17  8   15  13  14  0   5   2   11  9   7  
12  4   1   16  6   10  3   19  13  11  9   18  8   17  15  5   14  2   0   7  
2   5   15  18  0   8   14  17  3   19  7   4   10  6   1   16  11  12  9   13 
15  0   8   17  2   5   18  3   14  19  4   10  6   7   1   16  11  12  9   13 
8   15  0   17  18  2   5   3   14  19  4   10  6   7   1   16  11  12  9   13 
3   17  18  19  8   15  14  0   5   2   4   6   10  1   16  11  7   12  9   13 
3   19  4   6   18  10  1   17  8   16  15  14  0   11  5   2   12  9   13  7  
3   19  4   6   18  10  1   17  8   16  15  14  0   11  5   2   12  9   13  7  
3   19  4   6   18  10  1   17  8   16  15  14  0   11  5   2   12  9   13  7  
3   19  4   6   18  10  1   17  8   16  15  14  0   11  5   2   12  9   13  7  
3   4   19  1   13  12  11  10  18  9   6   17  8   15  16  5   2   14  0   7  
4   1   13  3   12  19  11  9   18  10  6   8   17  15  16  5   2   14  0   7  
15  0   8   2   5   17  18  3   14  19  4   10  6   7   1   16  11  12  9   13 
15  0   8   17  2   5   18  3   14  19  4   10  6   7   1   16  11  12  9   13 
8   15  0   17  18  2   5   3   14  19  4   10  6   7   1   16  11  12  9   13 
17  8   15  0   3   18  19  5   14  2   4   10  6   1   16  7   11  12  9   13 
3   19  17  4   8   15  10  6   18  0   1   16  5   11  14  2   12  9   13  7  
19  17  3   8   15  0   4   6   18  10  11  1   9   13  16  14  2   5   12  7  
19  3   4   17  11  10  6   18  9   1   8   13  15  16  5   2   14  0   12  7  
19  3   4   11  10  18  9   6   8   1   13  17  15  16  5   2   14  0   12  7  
19  4   3   9   1   13  11  12  6   18  10  8   17  15  16  5   14  2   0   7  
4   1   13  3   12  19  11  9   18  10  6   8   17  15  16  5   2   14  0   7  
0   15  8   2   5   17  18  3   14  19  4   10  6   7   1   16  11  12  9   13 
15  0   8   17  2   5   18  3   14  19  4   10  6   7   1   16  11  12  9   13 
8   15  0   17  18  2   5   3   14  19  4   11  10  6   7   13  1   16  9   12 
17  8   15  0   3   19  18  11  14  2   5   4   13  9   6   10  1   16  12  7  
17  8   15  0   3   19  18  11  14  2   5   4   13  9   6   10  1   16  12  7  
17  19  8   15  3   0   11  18  9   13  4   14  2   5   6   10  1   16  12  7  
17  19  3   11  9   8   13  15  0   1   4   6   18  10  16  5   2   14  12  7  
19  11  3   9   13  1   17  4   6   18  10  8   15  16  5   14  2   0   12  7  
9   1   4   11  19  13  3   17  12  6   18  10  8   15  16  5   2   14  0   7  
1   4   13  11  9   3   12  19  18  10  6   8   17  15  16  5   2   14  0   7  
0   15  8   17  2   5   18  3   14  19  4   10  6   7   1   16  11  12  9   13 
0   15  8   17  2   5   18  3   14  19  4   10  6   7   1   16  11  12  9   13 
17  0   15  8   3   18  19  5   2   14  11  4   13  9   10  6   1   16  7   12 
17  8   15  0   3   19  18  11  14  2   5   4   13  9   6   10  1   16  12  7  
17  8   15  0   3   19  18  11  14  2   5   4   13  9   6   10  1   16  12  7  
17  8   15  0   19  3   18  11  5   13  14  2   9   4   6   10  1   16  12  7  
17  19  11  9   13  3   8   15  1   0   4   6   18  10  16  5   2   14  12  7  
11  9   13  19  3   1   4   17  6   18  10  8   15  16  5   2   14  0   12  7  
9   11  13  1   19  3   4   17  12  6   18  10  8   15  16  5   2   14  0   7  
13  1   11  4   9   3   12  19  17  18  10  6   8   15  16  5   2   14  0   7  
0   15  8   17  2   5   18  3   14  19  4   10  6   7   1   16  11  12  9   13 
0   15  8   17  2   5   18  3   14  19  4   10  6   7   1   16  11  12  9   13 
17  0   15  8   3   18  19  5   2   14  11  4   13  9   10  6   1   16  7   12 
17  0   15  8   3   19  18  2   5   11  14  4   13  9   6   10  1   16  12  7  
17  0   11  15  13  8   3   19  1   9   18  5   4   2   14  6   10  16  12  7  
17  11  13  8   15  0   9   1   19  3   4   18  5   14  2   10  6   12  16  7  
17  11  13  9   1   8   15  19  0   4   3   18  5   14  2   12  6   10  16  7  
11  13  9   19  1   3   4   17  6   18  10  8   12  15  16  5   2   14  0   7  
11  9   13  1   19  3   4   17  6   18  10  12  8   15  16  5   2   14  0   7  
13  11  1   4   9   19  3   12  17  6   18  10  8   15  16  2   14  5   0   7  
0   15  8   17  2   5   18  3   14  19  4   10  6   7   1   16  11  12  9   13 
0   15  8   17  2   5   18  3   14  19  4   10  6   7   1   16  11  12  9   13 
0   15  17  8   2   5   18  3   14  19  11  13  4   9   10  6   1   7   16  12 
17  0   15  11  8   13  3   19  1   18  5   2   9   4   14  6   10  16  12  7  
11  17  13  1   8   9   15  0   4   19  3   18  5   14  2   12  6   10  16  7  
11  17  13  1   8   9   15  0   4   19  3   18  5   14  2   12  6   10  16  7  
11  13  1   9   4   19  3   17  12  8   15  0   6   18  10  16  2   14  5   7  
11  13  1   9   4   19  3   17  12  6   18  10  8   15  16  2   14  5   0   7  
13  11  1   4   9   19  3   12  17  6   18  10  8   15  16  2   14  5   0   7  
13  11  1   4   9   19  3   12  17  6   18  10  8   15  16  2   14  5   0   7  
