246 238 57
238 246 57
247 239 71
239 247 71
248 241 84
241 248 84
249 243 100
243 249 100
250 245 121
245 250 121
251 187 146
187 251 146
252 207 104
207 252 104
253 207 156
207 253 156
254 209 113
209 254 113
255 209 144
209 255 144
256 216 188
216 256 188
257 216 127
216 257 127
258 218 242
218 258 242
259 238 86
238 259 86
260 240 73
240 260 73
261 243 72
243 261 72
262 244 54
244 262 54
263 245 41
245 263 41
264 208 7
208 264 7
265 207 85
207 265 85
266 205 108
205 266 108
267 210 33
210 267 33
268 211 119
211 268 119
269 217 96
217 269 96
270 218 69
218 270 69
271 237 79
237 271 79
272 236 39
236 272 39
273 234 71
234 273 71
274 232 40
232 274 40
275 229 34
229 275 34
276 186 67
186 276 67
277 190 23
190 277 23
278 204 43
204 278 43
279 202 44
202 279 44
280 211 112
211 280 112
281 213 53
213 281 53
282 218 118
218 282 118
283 218 142
218 283 142
284 220 63
220 284 63
285 221 65
221 285 65
286 224 75
224 286 75
287 226 83
226 287 83
288 185 49
185 288 49
289 183 45
183 289 45
290 193 18
193 290 18
291 202 70
202 291 70
292 201 56
201 292 56
293 213 71
213 293 71
294 214 52
214 294 52
295 215 108
215 295 108
296 123 92
123 296 92
297 221 109
221 297 109
298 223 89
223 298 89
299 225 29
225 299 29
300 228 94
228 300 94
301 182 70
182 301 70
302 181 96
181 302 96
303 194 96
194 303 96
304 196 31
196 304 31
305 175 87
175 305 87
306 197 37
197 306 37
307 171 113
171 307 113
308 215 246
215 308 246
309 124 82
124 309 82
310 126 28
126 310 28
311 128 10
128 311 10
312 130 35
130 312 35
313 132 85
132 313 85
314 181 115
181 314 115
315 179 34
179 315 34
316 177 101
177 316 101
317 175 91
175 317 91
318 173 20
173 318 20
319 171 32
171 319 32
320 170 51
170 320 51
321 95 21
95 321 21
322 97 14
97 322 14
323 99 22
99 323 22
324 101 49
101 324 49
325 103 67
103 325 67
326 138 68
138 326 68
327 136 122
136 327 122
328 161 39
161 328 39
329 163 80
163 329 80
330 164 61
164 330 61
331 172 54
172 331 54
332 169 75
169 332 75
333 169 128
169 333 128
334 66 24
66 334 24
335 69 50
69 335 50
336 70 57
70 336 57
337 103 80
103 337 80
338 107 33
107 338 33
339 109 111
109 339 111
340 142 18
142 340 18
341 143 97
143 341 97
342 160 54
160 342 54
343 159 61
159 343 61
344 167 80
167 344 80
345 168 18
168 345 18
346 39 8
39 346 8
347 41 29
41 347 29
348 43 49
43 348 49
349 72 31
72 349 31
350 105 49
105 350 49
351 109 73
109 351 73
352 111 84
111 352 84
353 144 81
144 353 81
354 147 54
147 354 54
355 150 92
150 355 92
356 156 81
156 356 81
357 155 33
155 357 33
358 155 179
155 358 179
359 28 34
28 359 34
360 42 47
42 360 47
361 46 30
46 361 30
362 76 110
76 362 110
363 78 7
78 363 7
364 80 74
80 364 74
365 112 27
112 365 27
366 145 46
145 366 46
367 115 74
115 367 74
368 151 45
151 368 45
369 153 32
153 369 32
370 154 124
154 370 124
371 26 103
26 371 103
372 31 44
31 372 44
373 33 85
33 373 85
374 48 117
48 374 117
375 49 77
49 375 77
376 81 37
81 376 37
377 81 87
81 377 87
378 85 82
85 378 82
379 115 74
115 379 74
380 118 45
118 380 45
381 121 29
121 381 29
382 122 92
122 382 92
383 122 169
122 383 169
384 20 34
20 384 34
385 33 93
33 385 93
386 35 28
35 386 28
387 50 97
50 387 97
388 83 60
83 388 60
389 54 54
54 389 54
390 56 84
56 390 84
391 87 54
87 391 54
392 89 20
89 392 20
393 91 13
91 393 13
394 93 47
93 394 47
395 94 121
94 395 121
396 20 138
20 396 138
397 22 25
22 397 25
398 24 97
24 398 97
399 37 35
37 399 35
400 4 87
4 400 87
401 53 49
53 401 49
402 55 79
55 402 79
403 56 25
56 403 25
404 59 80
59 404 80
405 62 18
62 405 18
406 63 54
63 406 54
407 94 69
94 407 69
408 94 218
94 408 218
409 1 34
1 409 34
410 24 79
24 410 79
411 3 58
3 411 58
412 4 89
4 412 89
413 6 36
6 413 36
414 10 24
10 414 24
415 12 38
12 415 38
416 13 57
13 416 57
417 16 45
16 417 45
418 18 51
18 418 51
419 64 123
64 419 123
420 64 241
64 420 241
