10 68
0 173
0 346
0 519
10 674
0 866
9 1038
0 1212
0 1385
0 1558
22 1657
0 1905
0 2078
150 86
150 259
169 491
150 606
157 723
150 952
170 1044
113 1276
190 1544
149 1707
216 1815
150 1991
300 0
247 127
233 353
300 519
300 692
300 866
300 1039
270 1237
321 1396
306 1536
380 1707
301 1885
300 2078
434 112
450 259
450 433
450 606
449 747
500 941
478 1190
400 1340
359 1475
390 1690
450 1818
379 1955
600 0
600 173
600 346
538 571
632 743
627 927
562 1095
600 1212
653 1371
675 1584
600 1732
642 1899
600 2078
793 122
750 259
750 433
772 621
671 745
710 958
736 1206
774 1358
805 1461
787 1708
742 1797
753 1937
900 0
900 173
900 346
888 507
900 692
900 866
822 1067
900 1212
874 1420
900 1558
859 1718
887 1904
900 2078
1050 86
1044 336
1050 433
1030 623
1050 779
1066 983
1050 1125
1050 1299
1050 1472
1048 1598
1050 1818
1008 1950
1200 0
1200 173
1200 346
1200 519
1182 767
1200 866
1202 1089
1200 1212
1145 1357
1200 1558
1216 1776
1200 1905
1200 2078
1413 107
1278 239
1350 433
1350 606
1350 779
1433 976
1346 1161
1333 1261
1364 1396
1350 1645
1350 1818
1350 1991
1500 0
1559 126
1500 346
1588 514
1500 692
1499 949
1441 996
1500 1212
1500 1385
1500 1558
1533 1806
1479 1983
1500 2078
1650 86
1650 259
1650 433
1650 606
1623 825
1650 952
1657 1119
1650 1299
1650 1472
1650 1645
1650 1818
1748 1994
1800 0
1800 173
1800 346
1800 519
1800 692
1800 866
1800 1039
1766 1137
1865 1376
1817 1600
1798 1707
1775 1867
1800 2078
1950 86
1950 259
1950 433
1950 606
1994 722
1919 1019
1898 1151
1883 1260
1950 1472
1968 1668
1906 1881
1950 1991
