68 1980
2 2018
444 2007
667 1884
743 1945
749 2018
825 2032
863 1863
939 1879
1019 1895
1099 1911
1178 1925
1261 1940
1337 1957
1417 1971
1496 1989
1577 2003
1654 2018
1733 2033
72 1682
134 1736
196 1788
255 1843
314 1892
372 1944
20 1398
61 1403
141 1410
225 1418
291 1424
140 1601
223 1502
285 1560
346 1611
407 1662
464 1713
528 1766
601 1829
3 1208
73 1219
158 1225
240 1231
317 1240
411 1252
373 1322
440 1380
499 1430
560 1480
622 1534
679 1585
754 1648
822 1704
898 1762
960 1704
1055 1722
1131 1741
1213 1757
1293 1768
1370 1785
1451 1803
1530 1818
1610 1833
1687 1849
1764 1867
5 1068
87 1074
170 1080
249 1089
329 1094
408 1102
491 1114
496 1179
531 1141
567 1096
593 1199
652 1249
711 1302
772 1350
837 1401
908 1464
975 1526
795 1451
825 1563
1069 1564
1166 1569
1248 1587
1325 1602
1405 1616
1483 1633
1563 1648
1643 1663
1717 1678
1799 1693
1880 1707
21 896
102 904
182 911
264 916
346 922
424 931
508 937
590 943
667 963
694 1086
718 1176
750 1016
809 1065
869 1117
931 1165
990 1219
1066 1283
1134 1343
1209 1401
1282 1413
1361 1430
1440 1444
1517 1461
1597 1476
1678 1493
1752 1509
1834 1523
1913 1540
41 683
117 711
199 727
282 733
359 739
441 744
523 752
602 742
682 745
768 753
759 872
835 777
902 835
963 887
799 956
908 954
1020 940
1082 989
1119 945
1141 1041
1217 1103
1282 1159
1293 1299
1341 1246
1400 1178
1396 1258
1472 1274
1549 1292
1631 1307
1710 1322
1788 1337
1867 1351
1902 1167
1823 1150
1748 1138
1666 1120
1585 1108
1507 1092
1226 937
1351 933
1481 927
1610 933
1698 949
1781 966
1857 980
1937 995
1964 841
1896 784
1810 712
1664 857
1728 787
1590 796
1523 738
1449 674
1297 855
1237 805
1176 752
1114 703
1057 651
990 596
925 543
863 488
793 432
800 313
816 138
897 204
960 257
1017 309
1079 362
1143 414
1207 472
1269 522
1328 572
1388 627
1722 636
1655 580
1584 517
1523 467
1463 414
1401 365
1342 310
1278 255
1213 201
1151 151
1091 99
947 144
1448 94
1528 161
1620 231
1675 286
1736 335
1810 398
1878 456
1828 102
1889 154
1965 214
56 485
133 494
215 499
299 508
377 516
461 520
543 529
620 532
699 540
782 546
714 326
638 321
559 313
479 307
393 298
315 294
230 286
152 278
74 271
89 64
167 71
250 77
335 84
411 93
494 97
576 105
732 117
