1 2
1 21
2 1
2 22
3 25
3 38
4 5
4 38
4 52
5 4
5 6
5 8
6 5
6 7
7 6
7 8
8 5
8 7
8 9
8 52
8 53
9 8
9 10
9 54
10 9
10 11
10 55
11 10
11 12
11 56
12 11
12 13
12 57
13 12
13 14
13 58
14 13
14 15
15 14
15 16
16 15
16 17
16 61
17 16
17 18
17 62
18 17
18 19
18 63
19 18
19 64
20 21
20 27
20 31
21 20
21 1
21 22
21 33
22 2
22 23
22 34
22 21
23 22
23 24
23 35
24 23
24 25
24 36
25 24
25 37
25 3
26 27
26 39
27 26
27 40
27 28
27 20
28 27
28 41
28 29
28 31
29 28
29 42
29 30
29 32
30 29
30 32
30 45
30 43
31 20
31 28
31 32
32 31
32 29
32 30
32 33
33 32
33 21
33 34
33 46
34 22
34 33
34 47
34 35
35 23
35 34
35 48
35 36
36 24
36 35
36 37
36 49
37 25
37 36
37 38
37 50
38 3
38 37
38 51
38 4
39 26
39 40
39 65
40 27
40 39
40 41
40 66
41 28
41 40
41 67
41 42
42 29
42 41
42 43
42 68
43 30
43 42
43 69
43 44
44 43
44 45
44 70
44 72
45 30
45 44
45 46
46 33
46 45
46 47
46 75
47 34
47 46
47 48
47 76
48 35
48 47
48 77
48 49
49 36
49 48
49 50
49 78
50 37
50 49
50 51
50 82
51 38
51 50
51 52
51 83
52 4
52 51
52 53
52 83
52 81
53 8
53 52
53 54
54 53
54 55
54 84
55 10
55 54
55 84
55 56
56 11
56 55
56 57
56 85
57 12
57 56
57 58
57 86
58 13
58 57
58 59
58 87
59 58
59 60
59 88
60 59
60 61
60 89
61 16
61 60
61 62
61 90
62 17
62 61
62 63
62 91
63 18
63 62
63 64
63 92
64 19
64 63
64 93
65 39
65 66
65 95
66 40
66 65
66 67
66 96
67 41
67 66
67 68
67 97
68 42
68 67
68 69
68 98
69 43
69 68
69 70
69 99
70 44
70 69
70 71
70 100
71 72
71 70
71 74
71 101
72 44
72 71
72 73
73 72
73 74
73 75
74 73
74 71
74 102
74 103
75 46
75 73
75 76
75 104
76 47
76 75
76 77
76 105
77 48
77 76
77 78
77 108
78 49
78 77
78 79
78 105
78 109
79 82
79 78
79 80
79 110
80 83
80 79
80 81
80 111
81 52
81 80
81 84
81 112
82 50
82 79
82 78
82 83
83 51
83 52
83 82
83 80
84 54
84 55
84 81
84 85
84 113
85 56
85 84
85 86
85 113
86 57
86 85
86 87
86 114
87 58
87 86
87 88
87 115
88 59
88 87
88 89
88 116
89 60
89 88
89 90
89 117
90 61
90 89
90 91
90 118
91 62
91 90
91 92
91 119
92 63
92 91
92 93
92 120
93 64
93 92
93 94
93 121
94 93
94 112
95 65
95 96
95 123
96 66
96 95
96 97
96 124
97 67
97 96
97 98
97 125
98 68
98 97
98 99
98 126
99 69
99 98
99 100
99 127
100 70
100 99
100 101
100 128
101 71
101 100
101 102
101 129
102 74
102 101
102 103
102 130
103 104
103 74
103 102
103 130
103 131
103 133
103 137
103 106
104 75
104 103
104 105
104 106
105 76
105 104
105 78
105 107
106 104
106 103
106 137
106 107
107 105
107 106
107 138
107 108
108 77
108 107
108 139
108 109
109 78
109 108
109 140
109 110
110 79
110 109
110 142
110 111
111 80
111 110
111 143
111 112
112 81
112 111
112 113
112 144
113 84
113 85
113 112
113 114
113 145
114 86
114 113
114 115
114 145
115 87
115 114
115 116
115 148
116 88
116 115
116 117
116 149
117 89
117 116
117 118
117 150
118 90
118 117
118 119
118 151
119 91
119 118
119 120
119 152
120 92
120 119
120 121
120 153
121 93
121 120
121 122
121 154
122 94
122 121
123 95
123 124
123 219
124 96
124 123
124 220
124 125
125 97
125 124
125 221
125 126
126 98
126 125
126 222
126 127
127 99
127 126
127 223
127 128
128 100
128 127
128 224
128 129
129 101
129 128
129 225
129 130
130 102
130 129
130 225
130 103
130 131
131 103
131 130
131 227
131 132
132 133
132 131
132 228
132 183
132 134
133 103
133 132
133 134
134 133
134 132
134 182
134 135
135 137
135 134
135 181
135 136
136 138
136 135
136 180
136 139
137 106
137 103
137 135
137 138
138 107
138 137
138 136
138 139
139 108
139 138
139 136
139 179
139 140
139 141
140 109
140 139
140 141
140 142
141 140
141 139
141 178
141 161
142 110
142 140
142 161
142 143
143 111
143 142
143 162
143 144
144 112
144 143
144 163
144 146
145 113
145 114
145 146
146 145
146 144
146 148
146 147
147 146
147 148
147 160
148 115
148 146
148 147
148 149
149 116
149 148
149 160
149 150
150 117
150 149
150 159
150 151
151 118
151 150
151 158
151 152
152 119
152 151
152 157
152 153
153 120
153 152
153 156
153 154
154 121
154 153
154 155
155 154
155 156
155 168
156 155
156 153
156 157
157 152
157 156
157 158
158 151
158 157
158 165
158 159
159 150
159 158
159 164
159 160
160 147
160 149
160 159
160 164
161 142
161 141
161 177
161 162
162 143
162 161
162 177
162 175
162 163
163 144
163 162
163 174
163 164
164 160
164 159
164 163
164 165
164 173
165 158
165 164
165 172
165 166
166 157
166 165
166 171
166 167
167 166
167 168
167 170
168 167
168 155
168 169
169 168
169 170
170 167
170 169
170 171
171 172
171 166
171 170
171 197
172 173
172 165
172 171
173 164
173 174
173 172
174 163
174 175
174 197
174 173
175 162
175 174
175 176
175 198
176 177
176 196
176 175
176 199
177 161
177 162
177 176
177 178
178 141
178 177
178 196
178 179
179 139
179 178
179 195
179 180
180 136
180 179
180 194
180 181
181 135
181 180
181 193
181 182
182 134
182 181
182 192
182 183
183 132
183 182
183 191
183 184
184 228
184 183
184 190
184 185
185 228
185 184
185 189
185 186
186 185
186 229
186 187
186 188
187 186
187 188
187 245
188 186
188 189
188 208
188 187
189 185
189 190
189 207
189 188
190 184
190 191
190 206
190 189
191 183
191 192
191 205
191 190
192 182
192 193
192 204
192 191
193 181
193 194
193 203
193 192
194 180
194 195
194 202
194 193
195 179
195 196
195 201
195 194
196 178
196 176
196 200
196 195
197 171
197 174
197 198
198 197
198 175
198 199
199 176
199 198
199 200
200 196
200 199
200 201
200 212
201 195
201 200
201 202
202 194
202 201
202 203
202 210
203 193
203 202
203 204
204 192
204 203
204 205
204 209
205 191
205 204
205 206
206 190
206 205
206 207
207 189
207 206
208 188
209 204
209 210
210 202
210 209
210 211
211 210
211 212
212 200
212 211
212 213
212 216
213 212
213 214
213 217
214 213
214 215
214 218
215 214
216 212
216 217
217 213
217 216
217 218
218 214
218 217
218 214
218 217
219 123
219 220
219 237
220 124
220 219
220 236
220 221
221 125
221 220
221 235
221 222
222 126
222 221
222 234
222 223
223 127
223 222
223 233
223 224
224 128
224 223
224 232
224 225
225 129
225 224
225 232
225 231
225 226
225 130
226 225
226 227
226 230
227 226
227 131
227 228
227 229
228 227
228 132
228 184
228 185
229 227
229 186
229 245
229 230
230 229
230 226
230 231
231 225
231 230
231 244
231 232
232 225
232 231
232 243
232 242
232 233
232 224
233 223
233 232
233 242
233 234
234 222
234 233
234 241
234 235
235 221
235 234
235 240
235 236
236 220
236 235
236 239
236 237
237 219
237 236
237 238
238 237
238 239
239 236
239 238
239 240
240 235
240 239
240 241
241 234
241 240
241 242
242 233
242 241
242 243
242 232
243 232
243 242
243 244
244 231
244 243
244 245
245 229
245 244
245 187
246 238
238 246
246 239
239 246
247 238
238 247
247 237
237 247
248 237
237 248
248 236
236 248
249 237
237 249
249 236
236 249
250 219
219 250
250 220
220 250
251 219
219 251
251 220
220 251
252 123
123 252
252 124
124 252
253 124
124 253
253 123
123 253
254 95
95 254
254 96
96 254
255 96
96 255
255 95
95 255
256 65
65 256
256 66
66 256
257 39
39 257
257 65
65 257
258 40
40 258
258 39
39 258
259 27
27 259
259 26
26 259
260 27
27 260
260 26
26 260
261 31
31 261
261 20
20 261
262 20
20 262
262 31
31 262
263 20
20 263
263 21
21 263
264 21
21 264
264 22
22 264
265 2
2 265
265 1
1 265
266 2
2 266
266 1
1 266
267 239
239 267
267 240
240 267
268 239
239 268
268 238
238 268
269 236
236 269
269 237
237 269
270 236
236 270
270 237
237 270
271 220
220 271
271 221
221 271
272 220
220 272
272 221
221 272
273 124
124 273
273 125
125 273
274 124
124 274
274 125
125 274
275 97
97 275
275 96
96 275
276 97
97 276
276 96
96 276
277 67
67 277
277 66
66 277
278 41
41 278
278 67
67 278
279 41
41 279
279 42
42 279
280 28
28 280
280 27
27 280
281 28
28 281
281 29
29 281
282 31
31 282
282 32
32 282
283 31
31 283
283 20
20 283
284 21
21 284
284 22
22 284
285 22
22 285
285 23
23 285
286 23
23 286
286 2
2 286
287 2
2 287
287 24
24 287
288 240
240 288
288 239
239 288
289 240
240 289
289 239
239 289
290 235
235 290
290 234
234 290
291 235
235 291
291 234
234 291
292 221
221 292
292 222
222 292
293 221
221 293
293 222
222 293
294 126
126 294
294 125
125 294
295 126
126 295
295 125
125 295
296 98
98 296
296 97
97 296
297 98
98 297
297 97
97 297
298 68
68 298
298 69
69 298
299 42
42 299
299 68
68 299
300 42
42 300
300 43
43 300
301 29
29 301
301 30
30 301
302 29
29 302
302 32
32 302
303 33
33 303
303 32
32 303
304 34
34 304
304 33
33 304
305 22
22 305
305 23
23 305
306 23
23 306
306 22
22 306
307 24
24 307
307 23
23 307
308 25
25 308
308 24
24 308
309 241
241 309
309 242
242 309
310 241
241 310
310 242
242 310
311 234
234 311
311 233
233 311
312 234
234 312
312 233
233 312
313 222
222 313
313 223
223 313
314 223
223 314
314 222
222 314
315 127
127 315
315 126
126 315
316 127
127 316
316 126
126 316
317 99
99 317
317 98
98 317
318 99
99 318
318 98
98 318
319 69
69 319
319 68
68 319
320 69
69 320
320 70
70 320
321 44
44 321
321 43
43 321
322 45
45 322
322 46
46 322
323 30
30 323
323 33
33 323
324 33
33 324
324 34
34 324
325 35
35 325
325 34
34 325
326 35
35 326
326 36
36 326
327 24
24 327
327 23
23 327
328 25
25 328
328 24
24 328
329 3
3 329
329 25
25 329
330 242
242 330
330 243
243 330
331 242
242 331
331 243
243 331
332 233
233 332
332 232
232 332
333 232
232 333
333 233
233 333
334 224
224 334
334 223
223 334
335 224
224 335
335 225
225 335
336 128
128 336
336 224
224 336
337 128
128 337
337 129
129 337
338 100
100 338
338 101
101 338
339 100
100 339
339 101
101 339
340 71
71 340
340 70
70 340
341 72
72 341
341 73
73 341
342 44
44 342
342 72
72 342
343 46
46 343
343 45
45 343
344 47
47 344
344 46
46 344
345 47
47 345
345 48
48 345
346 35
35 346
346 36
36 346
347 36
36 347
347 37
37 347
348 37
37 348
348 25
25 348
349 3
3 349
349 25
25 349
350 3
3 350
350 25
25 350
351 244
244 351
351 243
243 351
352 244
244 352
352 243
243 352
353 231
231 353
353 232
232 353
354 231
231 354
354 232
232 354
355 225
225 355
355 224
224 355
356 225
225 356
356 224
224 356
357 130
130 357
357 129
129 357
358 129
129 358
358 130
130 358
359 102
102 359
359 101
101 359
360 101
101 360
360 102
102 360
361 74
74 361
361 73
73 361
362 73
73 362
362 72
72 362
363 72
72 363
363 75
75 363
364 76
76 364
364 47
47 364
365 48
48 365
365 47
47 365
366 48
48 366
366 49
49 366
367 36
36 367
367 37
37 367
368 37
37 368
368 36
36 368
369 38
38 369
369 37
37 369
370 3
3 370
370 38
38 370
371 3
3 371
371 6
6 371
372 244
244 372
372 245
245 372
373 244
244 373
373 245
245 373
374 230
230 374
374 229
229 374
375 230
230 375
375 229
229 375
376 226
226 376
376 227
227 376
377 227
227 377
377 226
226 377
378 227
227 378
378 226
226 378
379 130
130 379
379 131
131 379
380 131
131 380
380 130
130 380
381 103
103 381
381 102
102 381
382 103
103 382
382 104
104 382
383 75
75 383
383 105
105 383
384 76
76 384
384 77
77 384
385 76
76 385
385 77
77 385
386 49
49 386
386 48
48 386
387 50
50 387
387 49
49 387
388 50
50 388
388 51
51 388
389 38
38 389
389 4
4 389
390 4
4 390
390 38
38 390
391 4
4 391
391 5
5 391
392 6
6 392
392 5
5 392
393 245
245 393
393 187
187 393
394 245
245 394
394 187
187 394
395 186
186 395
395 229
229 395
396 186
186 396
396 229
229 396
397 185
185 397
397 184
184 397
398 228
228 398
398 227
227 398
399 228
228 399
399 227
227 399
400 132
132 400
400 131
131 400
401 133
133 401
401 132
132 401
402 103
103 402
402 133
133 402
403 106
106 403
403 107
107 403
404 105
105 404
404 104
104 404
405 77
77 405
405 105
105 405
406 78
78 406
406 77
77 406
407 82
82 407
407 79
79 407
408 50
50 408
408 83
83 408
409 51
51 409
409 52
52 409
410 52
52 410
410 51
51 410
411 4
4 411
411 5
5 411
412 5
5 412
412 6
6 412
413 6
6 413
413 7
7 413
414 187
187 414
414 208
208 414
415 187
187 415
415 188
188 415
416 186
186 416
416 188
188 416
417 186
186 417
417 185
185 417
418 184
184 418
418 185
185 418
419 184
184 419
419 183
183 419
420 228
228 420
420 134
134 420
421 134
134 421
421 132
132 421
422 134
134 422
422 135
135 422
423 138
138 423
423 137
137 423
424 107
107 424
424 108
108 424
425 108
108 425
425 107
107 425
426 109
109 426
426 108
108 426
427 79
79 427
427 78
78 427
428 79
79 428
428 82
82 428
429 83
83 429
429 82
82 429
430 52
52 430
430 51
51 430
431 52
52 431
431 53
53 431
432 8
8 432
432 9
9 432
433 7
7 433
433 8
8 433
434 7
7 434
434 6
6 434
435 208
208 435
435 187
187 435
436 208
208 436
436 188
188 436
437 189
189 437
437 188
188 437
438 190
190 438
438 189
189 438
439 183
183 439
439 184
184 439
440 183
183 440
440 182
182 440
441 182
182 441
441 181
181 441
442 135
135 442
442 134
134 442
443 135
135 443
443 136
136 443
444 139
139 444
444 136
136 444
445 138
138 445
445 108
108 445
446 109
109 446
446 110
110 446
447 110
110 447
447 109
109 447
448 80
80 448
448 111
111 448
449 80
80 449
449 81
81 449
450 81
81 450
450 80
80 450
451 54
54 451
451 53
53 451
452 53
53 452
452 54
54 452
453 9
9 453
453 10
10 453
454 9
9 454
454 10
10 454
455 7
7 455
455 10
10 455
456 207
207 456
456 208
208 456
457 208
208 457
457 207
207 457
458 190
190 458
458 189
189 458
459 191
191 459
459 190
190 459
460 192
192 460
460 191
191 460
461 182
182 461
461 181
181 461
462 182
182 462
462 181
181 462
463 180
180 463
463 181
181 463
464 141
141 464
464 139
139 464
465 140
140 465
465 139
139 465
466 140
140 466
466 142
142 466
467 110
110 467
467 109
109 467
468 111
111 468
468 110
110 468
469 112
112 469
469 111
111 469
470 81
81 470
470 84
84 470
471 84
84 471
471 81
81 471
472 84
84 472
472 55
55 472
473 55
55 473
473 56
56 473
474 10
10 474
474 11
11 474
475 10
10 475
475 11
11 475
476 11
11 476
476 10
10 476
477 207
207 477
477 206
206 477
478 206
206 478
478 207
207 478
479 205
205 479
479 206
206 479
480 192
192 480
480 191
191 480
481 192
192 481
481 193
193 481
482 193
193 482
482 181
181 482
483 180
180 483
483 181
181 483
484 179
179 484
484 180
180 484
485 141
141 485
485 178
178 485
486 161
161 486
486 141
141 486
487 142
142 487
487 140
140 487
488 143
143 488
488 144
144 488
489 111
111 489
489 112
112 489
490 112
112 490
490 113
113 490
491 113
113 491
491 112
112 491
492 85
85 492
492 84
84 492
493 85
85 493
493 56
56 493
494 56
56 494
494 57
57 494
495 11
11 495
495 12
12 495
496 12
12 496
496 11
11 496
497 12
12 497
497 11
11 497
498 206
206 498
498 205
205 498
499 205
205 499
499 206
206 499
500 204
204 500
500 205
205 500
501 204
204 501
501 203
203 501
502 193
193 502
502 194
194 502
503 194
194 503
503 195
195 503
504 195
195 504
504 179
179 504
505 178
178 505
505 179
179 505
506 177
177 506
506 178
178 506
507 161
161 507
507 141
141 507
508 143
143 508
508 142
142 508
509 144
144 509
509 143
143 509
510 144
144 510
510 145
145 510
511 113
113 511
511 114
114 511
512 113
113 512
512 114
114 512
513 86
86 513
513 87
87 513
514 57
57 514
514 86
86 514
515 57
57 515
515 58
58 515
516 58
58 516
516 13
13 516
517 13
13 517
517 12
12 517
518 13
13 518
518 14
14 518
519 209
209 519
519 205
205 519
520 209
209 520
520 204
204 520
521 204
204 521
521 203
203 521
522 203
203 522
522 202
202 522
523 202
202 523
523 194
194 523
524 195
195 524
524 194
194 524
525 196
196 525
525 195
195 525
526 196
196 526
526 176
176 526
527 177
177 527
527 162
162 527
528 162
162 528
528 177
177 528
529 162
162 529
529 147
147 529
530 144
144 530
530 147
147 530
531 146
146 531
531 148
148 531
532 115
115 532
532 145
145 532
533 115
115 533
533 114
114 533
534 87
87 534
534 88
88 534
535 88
88 535
535 87
87 535
536 59
59 536
536 58
58 536
537 59
59 537
537 58
58 537
538 14
14 538
538 13
13 538
539 14
14 539
539 15
15 539
540 209
209 540
540 210
210 540
541 209
209 541
541 210
210 541
542 210
210 542
542 203
203 542
543 201
201 543
543 202
202 543
544 201
201 544
544 200
200 544
545 196
196 545
545 200
200 545
546 176
176 546
546 196
196 546
547 175
175 547
547 176
176 547
548 163
163 548
548 162
162 548
549 163
163 549
549 162
162 549
550 160
160 550
550 163
163 550
551 147
147 551
551 160
160 551
552 149
149 552
552 150
150 552
553 149
149 553
553 116
116 553
554 116
116 554
554 115
115 554
555 89
89 555
555 88
88 555
556 89
89 556
556 88
88 556
557 60
60 557
557 59
59 557
558 60
60 558
558 61
61 558
559 16
16 559
559 15
15 559
560 16
16 560
560 15
15 560
561 210
210 561
561 209
209 561
562 210
210 562
562 209
209 562
563 211
211 563
563 210
210 563
564 201
201 564
564 200
200 564
565 200
200 565
565 201
201 565
566 199
199 566
566 200
200 566
567 175
175 567
567 176
176 567
568 175
175 568
568 174
174 568
569 174
174 569
569 164
164 569
570 163
163 570
570 164
164 570
571 159
159 571
571 160
160 571
572 159
159 572
572 160
160 572
573 150
150 573
573 149
149 573
574 150
150 574
574 117
117 574
575 117
117 575
575 118
118 575
576 90
90 576
576 118
118 576
577 90
90 577
577 89
89 577
578 90
90 578
578 61
61 578
579 61
61 579
579 62
62 579
580 17
17 580
580 16
16 580
581 17
17 581
581 16
16 581
582 210
210 582
582 216
216 582
583 211
211 583
583 212
212 583
584 211
211 584
584 212
212 584
585 212
212 585
585 213
213 585
586 199
199 586
586 200
200 586
587 198
198 587
587 199
199 587
588 198
198 588
588 197
197 588
589 174
174 589
589 175
175 589
590 172
172 590
590 174
174 590
591 164
164 591
591 165
165 591
592 158
158 592
592 159
159 592
593 158
158 593
593 159
159 593
594 151
151 594
594 152
152 594
595 151
151 595
595 152
152 595
596 118
118 596
596 119
119 596
597 119
119 597
597 118
118 597
598 91
91 598
598 90
90 598
599 91
91 599
599 62
62 599
600 63
63 600
600 62
62 600
601 18
18 601
601 63
63 601
602 18
18 602
602 19
19 602
603 216
216 603
603 217
217 603
604 216
216 604
604 212
212 604
605 212
212 605
605 213
213 605
606 213
213 606
606 212
212 606
607 214
214 607
607 213
213 607
608 197
197 608
608 198
198 608
609 197
197 609
609 171
171 609
610 171
171 610
610 173
173 610
611 172
172 611
611 173
173 611
612 166
166 612
612 165
165 612
613 166
166 613
613 165
165 613
614 157
157 614
614 156
156 614
615 153
153 615
615 152
152 615
616 153
153 616
616 152
152 616
617 120
120 617
617 119
119 617
618 120
120 618
618 121
121 618
619 93
93 619
619 92
92 619
620 93
93 620
620 92
92 620
621 64
64 621
621 63
63 621
622 64
64 622
622 19
19 622
623 19
19 623
623 18
18 623
624 216
216 624
624 217
217 624
625 217
217 625
625 216
216 625
626 217
217 626
626 218
218 626
627 214
214 627
627 215
215 627
628 215
215 628
628 214
214 628
629 215
215 629
629 197
197 629
630 171
171 630
630 197
197 630
631 171
171 631
631 170
170 631
632 170
170 632
632 173
173 632
633 167
167 633
633 166
166 633
634 167
167 634
634 168
168 634
635 155
155 635
635 156
156 635
636 155
155 636
636 156
156 636
637 154
154 637
637 153
153 637
638 121
121 638
638 154
154 638
639 121
121 639
639 122
122 639
640 93
93 640
640 94
94 640
641 93
93 641
641 94
94 641
642 64
64 642
642 63
63 642
643 64
64 643
643 19
19 643
644 19
19 644
644 18
18 644
645 217
217 645
645 216
216 645
646 217
217 646
646 218
218 646
647 218
218 647
647 217
217 647
648 215
215 648
648 218
218 648
649 215
215 649
649 214
214 649
650 215
215 650
650 214
214 650
651 170
170 651
651 171
171 651
652 170
170 652
652 169
169 652
653 169
169 653
653 170
170 653
654 168
168 654
654 167
167 654
655 168
168 655
655 167
167 655
656 155
155 656
656 156
156 656
657 155
155 657
657 154
154 657
658 154
154 658
658 153
153 658
659 122
122 659
659 154
154 659
660 122
122 660
660 121
121 660
661 122
122 661
661 94
94 661
662 94
94 662
662 93
93 662
663 64
64 663
663 94
94 663
664 64
64 664
664 94
94 664
665 19
19 665
665 64
64 665
666 218
218 666
666 217
217 666
667 218
218 667
667 217
217 667
668 218
218 668
668 217
217 668
669 218
218 669
669 215
215 669
670 215
215 670
670 214
214 670
671 215
215 671
671 170
170 671
672 170
170 672
672 169
169 672
673 169
169 673
673 170
170 673
674 169
169 674
674 170
170 674
675 168
168 675
675 169
169 675
676 168
168 676
676 155
155 676
677 155
155 677
677 168
168 677
678 155
155 678
678 154
154 678
679 154
154 679
679 122
122 679
680 122
122 680
680 154
154 680
681 122
122 681
681 121
121 681
682 122
122 682
682 94
94 682
683 94
94 683
683 122
122 683
684 94
94 684
684 64
64 684
685 94
94 685
685 64
64 685
686 19
19 686
686 64
64 686
687 235
235 687
687 236
236 687
688 22
22 688
688 23
23 688
689 211
211 689
689 210
210 689
690 144
144 690
690 147
147 690
691 63
63 691
691 64
64 691
692 53
53 692
692 54
54 692
693 134
134 693
693 183
183 693
694 126
126 694
694 127
127 694
695 156
156 695
695 157
157 695
696 44
44 696
696 46
46 696
