696
2702
1 2 80
1 21 317
2 1 80
2 22 300
3 25 96
3 38 236
4 5 97
4 38 86
4 52 237
5 4 97
5 6 73
5 8 145
6 5 73
6 7 76
7 6 76
7 8 173
8 5 145
8 7 173
8 9 77
8 52 163
8 53 106
9 8 77
9 10 81
9 54 176
10 9 81
10 11 82
10 55 176
11 10 82
11 12 80
11 56 173
12 11 80
12 13 84
12 57 171
13 12 84
13 14 77
13 58 175
14 13 77
14 15 81
15 14 81
15 16 80
16 15 80
16 17 81
16 61 174
17 16 81
17 18 78
17 62 172
18 17 78
18 19 80
18 63 172
19 18 80
19 64 169
20 21 82
20 27 278
20 31 105
21 20 82
21 1 317
21 22 80
21 33 232
22 2 300
22 23 80
22 34 231
22 21 80
23 22 80
23 24 76
23 35 236
24 23 76
24 25 78
24 36 233
25 24 78
25 37 236
25 3 96
26 27 82
26 39 190
27 26 82
27 40 184
27 28 80
27 20 278
28 27 80
28 41 186
28 29 83
28 31 190
29 28 83
29 42 187
29 30 66
29 32 83
30 29 66
30 32 103
30 45 130
30 43 185
31 20 105
31 28 190
31 32 129
32 31 129
32 29 83
32 30 103
32 33 84
33 32 84
33 21 232
33 34 79
33 46 236
34 22 231
34 33 79
34 47 237
34 35 78
35 23 236
35 34 78
35 48 237
35 36 77
36 24 233
36 35 77
36 37 82
36 49 238
37 25 236
37 36 82
37 38 95
37 50 236
38 3 236
38 37 95
38 51 237
38 4 86
39 26 190
39 40 78
39 65 140
40 27 184
40 39 78
40 41 85
40 66 145
41 28 186
41 40 85
41 67 145
41 42 82
42 29 187
42 41 82
42 43 77
42 68 141
43 30 185
43 42 77
43 69 146
43 44 94
44 43 94
44 45 79
44 70 150
44 72 111
45 30 130
45 44 79
45 46 88
46 33 236
46 45 88
46 47 77
46 75 237
47 34 237
47 46 77
47 48 78
47 76 237
48 35 237
48 47 78
48 77 233
48 49 81
49 36 238
49 48 81
49 50 77
49 78 237
50 37 236
50 49 77
50 51 96
50 82 176
51 38 237
51 50 96
51 52 88
51 83 111
52 4 237
52 51 88
52 53 95
52 83 141
52 81 234
53 8 106
53 52 95
53 54 84
54 53 84
54 55 97
54 84 177
55 10 176
55 54 97
55 84 158
55 56 77
56 11 173
56 55 77
56 57 83
56 85 175
57 12 171
57 56 83
57 58 80
57 86 173
58 13 175
58 57 80
58 59 79
58 87 168
59 58 79
59 60 82
59 88 172
60 59 82
60 61 80
60 89 173
61 16 174
61 60 80
61 62 81
61 90 173
62 17 172
62 61 81
62 63 78
62 91 173
63 18 172
63 62 78
63 64 79
63 92 173
64 19 169
64 63 79
64 93 176
65 39 140
65 66 82
65 95 172
66 40 145
66 65 82
66 67 83
66 96 170
67 41 145
67 66 83
67 68 79
67 97 169
68 42 141
68 67 79
68 69 80
68 98 174
69 43 146
69 68 80
69 70 79
69 99 172
70 44 150
70 69 79
70 71 84
70 100 171
71 72 65
71 70 84
71 74 77
71 101 177
72 44 111
72 71 65
72 73 51
73 72 51
73 74 58
73 75 84
74 73 58
74 71 77
74 102 153
74 103 165
75 46 237
75 73 84
75 76 77
75 104 151
76 47 237
76 75 77
76 77 79
76 105 98
77 48 233
77 76 79
77 78 76
77 108 243
78 49 237
78 77 76
78 79 83
78 105 181
78 109 243
79 82 65
79 78 83
79 80 94
79 110 238
80 83 129
80 79 94
80 81 91
80 111 239
81 52 234
81 80 91
81 84 101
81 112 241
82 50 176
82 79 65
82 78 104
82 83 115
83 51 111
83 52 141
83 82 115
83 80 129
84 54 177
84 55 158
84 81 101
84 85 97
84 113 215
85 56 175
85 84 97
85 86 83
85 113 172
86 57 173
86 85 83
86 87 78
86 114 176
87 58 168
87 86 78
87 88 81
87 115 175
88 59 172
88 87 81
88 89 79
88 116 175
89 60 173
89 88 79
89 90 81
89 117 175
90 61 173
90 89 81
90 91 81
90 118 175
91 62 173
91 90 81
91 92 75
91 119 173
92 63 173
92 91 75
92 93 83
92 120 172
93 64 176
93 92 83
93 94 81
93 121 173
94 93 81
94 112 829
95 65 172
95 96 80
95 123 213
96 66 170
96 95 80
96 97 80
96 124 193
97 67 169
97 96 80
97 98 81
97 125 184
98 68 174
98 97 81
98 99 82
98 126 183
99 69 172
99 98 82
99 100 79
99 127 183
100 70 171
100 99 79
100 101 83
100 128 187
101 71 177
101 100 83
101 102 82
101 129 186
102 74 153
102 101 82
102 103 79
102 130 201
103 104 126
103 74 165
103 102 79
103 130 230
103 131 218
103 133 129
103 137 132
103 106 98
104 75 151
104 103 126
104 105 92
104 106 89
105 76 98
105 104 92
105 78 181
105 107 143
106 104 89
106 103 98
106 137 77
106 107 76
107 105 143
107 106 76
107 138 148
107 108 78
108 77 243
108 107 78
108 139 232
108 109 78
109 78 243
109 108 78
109 140 232
109 110 79
110 79 238
110 109 79
110 142 233
110 111 99
111 80 239
111 110 99
111 143 234
111 112 91
112 81 241
112 111 91
112 113 95
112 144 236
113 84 215
113 85 172
113 112 95
113 114 73
113 145 131
114 86 176
114 113 73
114 115 80
114 145 114
115 87 175
115 114 80
115 116 79
115 148 175
116 88 175
116 115 79
116 117 79
116 149 173
117 89 175
117 116 79
117 118 81
117 150 171
118 90 175
118 117 81
118 119 82
118 151 172
119 91 173
119 118 82
119 120 76
119 152 173
120 92 172
120 119 76
120 121 82
120 153 175
121 93 173
121 120 82
121 122 80
121 154 175
122 94 170
122 121 80
123 95 213
123 124 80
123 219 198
124 96 193
124 123 80
124 220 216
124 125 83
125 97 184
125 124 83
125 221 228
125 126 83
126 98 183
126 125 83
126 222 225
126 127 77
127 99 183
127 126 77
127 223 224
127 128 82
128 100 187
128 127 82
128 224 224
128 129 82
129 101 186
129 128 82
129 225 223
129 130 79
130 102 201
130 129 79
130 225 221
130 103 230
130 131 80
131 103 218
131 130 80
131 227 206
131 132 86
132 133 119
132 131 86
132 228 207
132 183 261
132 134 71
133 103 129
133 132 119
133 134 121
134 133 121
134 132 71
134 182 238
134 135 88
135 137 158
135 134 88
135 181 240
135 136 79
136 138 86
136 135 79
136 180 238
136 139 78
137 106 77
137 103 132
137 135 158
137 138 109
138 107 148
138 137 109
138 136 86
138 139 113
139 108 232
139 138 113
139 136 78
139 179 244
139 140 78
139 141 98
140 109 232
140 139 78
140 141 57
140 142 78
141 140 57
141 139 98
141 178 183
141 161 107
142 110 233
142 140 78
142 161 133
142 143 98
143 111 234
143 142 98
143 162 216
143 144 86
144 112 236
144 143 86
144 163 305
144 146 104
145 113 131
145 114 114
145 146 72
146 145 72
146 144 104
146 148 55
146 147 90
147 146 90
147 148 80
147 160 136
148 115 175
148 146 55
148 147 80
148 149 77
149 116 173
149 148 77
149 160 184
149 150 79
150 117 171
150 149 79
150 159 187
150 151 83
151 118 172
151 150 83
151 158 190
151 152 80
152 119 173
152 151 80
152 157 187
152 153 80
153 120 175
153 152 80
153 156 190
153 154 80
154 121 175
154 153 80
154 155 187
155 154 187
155 156 80
155 168 175
156 155 80
156 153 190
156 157 76
157 152 187
157 156 76
157 158 83
158 151 190
158 157 83
158 165 173
158 159 81
159 150 187
159 158 81
159 164 176
159 160 80
160 147 136
160 149 184
160 159 80
160 164 190
161 142 133
161 141 107
161 177 108
161 162 124
162 143 216
162 161 124
162 177 94
162 175 260
162 163 130
163 144 305
163 162 130
163 174 170
163 164 128
164 160 190
164 159 176
164 163 128
164 165 89
164 173 187
165 158 173
165 164 89
165 172 98
165 166 85
166 157 175
166 165 85
166 171 255
166 167 76
167 166 76
167 168 81
167 170 200
168 167 81
168 155 175
168 169 156
169 168 156
169 170 89
170 167 200
170 169 89
170 171 112
171 172 205
171 166 255
171 170 112
171 197 116
172 173 94
172 165 98
172 171 205
173 164 187
173 174 138
173 172 94
174 163 170
174 175 88
174 197 207
174 173 138
175 162 260
175 174 88
175 176 97
175 198 205
176 177 236
176 196 76
176 175 97
176 199 206
177 161 108
177 162 94
177 176 236
177 178 78
178 141 183
178 177 78
178 196 233
178 179 80
179 139 244
179 178 80
179 195 235
179 180 78
180 136 238
180 179 78
180 194 238
180 181 77
181 135 240
181 180 77
181 193 233
181 182 86
182 134 238
182 181 86
182 192 237
182 183 84
183 132 261
183 182 84
183 191 238
183 184 82
184 228 98
184 183 82
184 190 237
184 185 89
185 228 114
185 184 89
185 189 241
185 186 119
186 185 119
186 229 87
186 187 175
186 188 146
187 186 175
187 188 104
187 245 85
188 186 146
188 189 81
188 208 77
188 187 104
189 185 241
189 190 77
189 207 205
189 188 81
190 184 237
190 191 81
190 206 206
190 189 77
191 183 238
191 192 82
191 205 209
191 190 81
192 182 237
192 193 85
192 204 208
192 191 82
193 181 233
193 194 79
193 203 210
193 192 85
194 180 238
194 195 77
194 202 204
194 193 79
195 179 235
195 196 81
195 201 207
195 194 77
196 178 233
196 176 76
196 200 209
196 195 81
197 171 116
197 174 207
197 198 87
198 197 87
198 175 205
198 199 94
199 176 206
199 198 94
199 200 78
200 196 209
200 199 78
200 201 80
200 212 236
201 195 207
201 200 80
201 202 78
202 194 204
202 201 78
202 203 80
202 210 240
203 193 210
203 202 80
203 204 83
204 192 208
204 203 83
204 205 85
204 209 234
205 191 209
205 204 85
205 206 79
206 190 206
206 205 79
206 207 78
207 189 205
207 206 78
208 188 77
209 204 234
209 210 104
210 202 240
210 209 104
210 211 115
211 210 115
211 212 77
212 200 236
212 211 77
212 213 77
212 216 239
213 212 77
213 214 97
213 217 237
214 213 97
214 215 89
214 218 240
215 214 89
216 212 239
216 217 79
217 213 237
217 216 79
217 218 97
218 214 240
218 217 97
218 214 240
218 217 97
219 123 198
219 220 77
219 237 215
220 124 216
220 219 77
220 236 216
220 221 82
221 125 228
221 220 82
221 235 213
221 222 83
222 126 225
222 221 83
222 234 215
222 223 79
223 127 224
223 222 79
223 233 218
223 224 83
224 128 224
224 223 83
224 232 213
224 225 82
225 129 223
225 224 82
225 232 231
225 231 216
225 226 77
225 130 221
226 225 77
226 227 79
226 230 212
227 226 79
227 131 206
227 228 83
227 229 215
228 227 83
228 132 207
228 184 98
228 185 114
229 227 215
229 186 87
229 245 208
229 230 75
230 229 75
230 226 212
230 231 79
231 225 216
231 230 79
231 244 208
231 232 80
232 225 231
232 231 80
232 243 210
232 242 225
232 233 86
232 224 213
233 223 218
233 232 86
233 242 206
233 234 77
234 222 215
234 233 77
234 241 210
234 235 85
235 221 213
235 234 85
235 240 209
235 236 79
236 220 216
236 235 79
236 239 207
236 237 77
237 219 215
237 236 77
237 238 207
238 237 207
238 239 77
239 236 207
239 238 77
239 240 83
240 235 209
240 239 83
240 241 85
241 234 210
241 240 85
241 242 76
242 233 206
242 241 76
242 243 83
242 232 225
243 232 210
243 242 83
243 244 82
244 231 208
244 243 82
244 245 156
245 229 208
245 244 156
245 187 85
246 238 76
238 246 76
246 239 154
239 246 154
247 238 90
238 247 90
247 237 129
237 247 129
248 237 35
237 248 35
248 236 105
236 248 105
249 237 87
237 249 87
249 236 117
236 249 117
250 219 21
219 250 21
250 220 74
220 250 74
251 219 64
219 251 64
251 220 94
220 251 94
252 123 16
123 252 16
252 124 96
124 252 96
253 124 50
124 253 50
253 123 55
123 253 55
254 95 43
95 254 43
254 96 61
96 254 61
255 96 60
96 255 60
255 95 80
95 255 80
256 65 34
65 256 34
256 66 50
66 256 50
257 39 76
39 257 76
257 65 81
65 257 81
258 40 29
40 258 29
258 39 76
39 258 76
259 27 52
27 259 52
259 26 89
26 259 89
260 27 39
27 260 39
260 26 87
26 260 87
261 31 100
31 261 100
261 20 125
20 261 125
262 20 28
20 262 28
262 31 97
31 262 97
263 20 50
20 263 50
263 21 82
21 263 82
264 21 108
21 264 108
264 22 132
22 264 132
265 2 97
2 265 97
265 1 138
1 265 138
266 2 59
2 266 59
266 1 139
1 266 139
267 239 7
239 267 7
267 240 76
240 267 76
268 239 80
239 268 80
268 238 104
238 268 104
269 236 18
236 269 18
269 237 60
237 269 60
270 236 70
236 270 70
270 237 104
237 270 104
271 220 38
220 271 38
271 221 80
221 271 80
272 220 42
220 272 42
272 221 58
221 272 58
273 124 51
124 273 51
273 125 91
125 273 91
274 124 42
124 274 42
274 125 48
125 274 48
275 97 49
97 275 49
275 96 84
96 275 84
276 97 29
97 276 29
276 96 71
96 276 71
277 67 20
67 277 20
277 66 72
66 277 72
278 41 59
41 278 59
278 67 85
67 278 85
279 41 6
41 279 6
279 42 82
42 279 82
280 28 69
28 280 69
280 27 107
27 280 107
281 28 31
28 281 31
281 29 54
29 281 54
282 31 56
31 282 56
282 32 76
32 282 76
283 31 54
31 283 54
283 20 79
20 283 79
284 21 23
21 284 23
284 22 58
22 284 58
285 22 45
22 285 45
285 23 85
23 285 85
286 23 152
23 286 152
286 2 161
2 286 161
287 2 151
2 287 151
287 24 230
24 287 230
288 240 21
240 288 21
288 239 72
239 288 72
289 240 73
240 289 73
289 239 111
239 289 111
290 235 21
235 290 21
290 234 71
234 290 71
291 235 46
235 291 46
291 234 90
234 291 90
292 221 44
221 292 44
292 222 71
222 292 71
293 221 55
221 293 55
293 222 81
222 293 81
294 126 80
126 294 80
294 125 101
125 294 101
295 126 37
126 295 37
295 125 46
125 295 46
296 98 66
98 296 66
296 97 90
97 296 90
297 98 8
98 297 8
297 97 73
97 297 73
298 68 24
68 298 24
298 69 61
69 298 61
299 42 67
42 299 67
299 68 74
68 299 74
300 42 9
42 300 9
300 43 71
43 300 71
301 29 55
29 301 55
301 30 85
30 301 85
302 29 44
29 302 44
302 32 52
32 302 52
303 33 36
33 303 36
303 32 52
32 303 52
304 34 95
34 304 95
304 33 107
33 304 107
305 22 34
22 305 34
305 23 83
23 305 83
306 23 4
23 306 4
306 22 77
22 306 77
307 24 50
24 307 50
307 23 90
23 307 90
308 25 163
25 308 163
308 24 174
24 308 174
309 241 20
241 309 20
309 242 55
242 309 55
310 241 67
241 310 67
310 242 83
242 310 83
311 234 23
234 311 23
311 233 60
233 311 60
312 234 40
234 312 40
312 233 84
233 312 84
313 222 86
222 313 86
313 223 102
223 313 102
314 223 25
223 314 25
314 222 78
222 314 78
315 127 83
127 315 83
315 126 111
126 315 111
316 127 10
127 316 10
316 126 66
126 316 66
317 99 67
99 317 67
317 98 105
98 317 105
318 99 27
99 318 27
318 98 54
98 318 54
319 69 12
69 319 12
319 68 77
68 319 77
320 69 31
69 320 31
320 70 78
70 320 78
321 44 44
44 321 44
321 43 50
43 321 50
322 45 18
45 322 18
322 46 87
46 322 87
323 30 70
30 323 70
323 33 111
33 323 111
324 33 60
33 324 60
324 34 70
34 324 70
325 35 32
35 325 32
325 34 61
34 325 61
326 35 76
35 326 76
326 36 102
36 326 102
327 24 16
24 327 16
327 23 75
23 327 75
328 25 23
25 328 23
328 24 57
24 328 57
329 3 105
3 329 105
329 25 111
25 329 111
330 242 63
242 330 63
330 243 77
243 330 77
331 242 57
242 331 57
331 243 58
243 331 58
332 233 78
233 332 78
332 232 83
232 332 83
333 232 69
232 333 69
333 233 107
233 333 107
334 224 63
224 334 63
334 223 97
223 334 97
335 224 44
224 335 44
335 225 92
225 335 92
336 128 102
128 336 102
336 224 122
224 336 122
337 128 15
128 337 15
337 129 67
129 337 67
338 100 68
100 338 68
338 101 99
101 338 99
339 100 13
100 339 13
339 101 70
101 339 70
340 71 62
71 340 62
340 70 67
70 340 67
341 72 18
72 341 18
341 73 63
73 341 63
342 44 51
44 342 51
342 72 60
72 342 60
343 46 19
46 343 19
343 45 76
45 343 76
344 47 60
47 344 60
344 46 94
46 344 94
345 47 104
47 345 104
345 48 131
48 345 131
346 35 26
35 346 26
346 36 56
36 346 56
347 36 22
36 347 22
347 37 69
37 347 69
348 37 110
37 348 110
348 25 126
25 348 126
349 3 34
3 349 34
349 25 73
25 349 73
350 3 46
3 350 46
350 25 133
25 350 133
351 244 68
244 351 68
351 243 92
243 351 92
352 244 51
244 352 51
352 243 76
243 352 76
353 231 57
231 353 57
353 232 92
232 353 92
354 231 3
231 354 3
354 232 78
232 354 78
355 225 73
225 355 73
355 224 101
224 355 101
356 225 22
225 356 22
356 224 67
224 356 67
357 130 99
130 357 99
357 129 113
129 357 113
358 129 22
129 358 22
358 130 57
130 358 57
359 102 80
102 359 80
359 101 94
101 359 94
360 101 33
101 360 33
360 102 55
102 360 55
361 74 29
74 361 29
361 73 76
73 361 76
362 73 15
73 362 15
362 72 37
72 362 37
363 72 106
72 363 106
363 75 108
75 363 108
364 76 119
76 364 119
364 47 121
47 364 121
365 48 28
48 365 28
365 47 50
47 365 50
366 48 53
48 366 53
366 49 77
49 366 77
367 36 79
36 367 79
367 37 109
37 367 109
368 37 20
37 368 20
368 36 87
36 368 87
369 38 35
38 369 35
369 37 97
37 369 97
370 3 118
3 370 118
370 38 130
38 370 130
371 3 114
3 371 114
371 6 202
6 371 202
372 244 104
244 372 104
372 245 115
245 372 115
373 244 55
244 373 55
373 245 103
245 373 103
374 230 71
230 374 71
374 229 99
229 374 99
375 230 7
230 375 7
375 229 74
229 375 74
376 226 63
226 376 63
376 227 94
227 376 94
377 227 42
227 377 42
377 226 42
226 377 42
378 227 92
227 378 92
378 226 114
226 378 114
379 130 37
130 379 37
379 131 43
131 379 43
380 131 105
131 380 105
380 130 107
130 380 107
381 103 27
103 381 27
381 102 67
102 381 67
382 103 65
103 382 65
382 104 74
104 382 74
383 75 63
75 383 63
383 105 81
105 383 81
384 76 11
76 384 11
384 77 70
77 384 70
385 76 81
76 385 81
385 77 94
77 385 94
386 49 81
49 386 81
386 48 111
48 386 111
387 50 37
50 387 37
387 49 40
49 387 40
388 50 64
50 388 64
388 51 107
51 388 107
389 38 62
38 389 62
389 4 107
4 389 107
390 4 13
4 390 13
390 38 78
38 390 78
391 4 53
4 391 53
391 5 103
5 391 103
392 6 105
6 392 105
392 5 143
5 392 143
393 245 69
245 393 69
393 187 110
187 393 110
394 245 37
245 394 37
394 187 48
187 394 48
395 186 81
186 395 81
395 229 83
229 395 83
396 186 29
186 396 29
396 229 72
229 396 72
397 185 11
185 397 11
397 184 90
184 397 90
398 228 23
228 398 23
398 227 72
227 398 72
399 228 80
228 399 80
399 227 118
227 399 118
400 132 10
132 400 10
400 131 76
131 400 76
401 133 20
133 401 20
401 132 100
132 401 100
402 103 67
103 402 67
402 133 68
133 402 68
403 106 27
106 403 27
403 107 60
107 403 60
404 105 18
105 404 18
404 104 81
104 404 81
405 77 55
77 405 55
405 105 74
105 405 74
406 78 11
78 406 11
406 77 68
77 406 68
407 82 39
82 407 39
407 79 84
79 407 84
408 50 84
50 408 84
408 83 90
83 408 90
409 51 5
51 409 5
409 52 87
52 409 87
410 52 90
52 410 90
410 51 124
51 410 124
411 4 84
4 411 84
411 5 114
5 411 114
412 5 2
5 412 2
412 6 74
6 412 74
413 6 35
6 413 35
413 7 78
7 413 78
414 187 125
187 414 125
414 208 149
208 414 149
415 187 27
187 415 27
415 188 77
188 415 77
416 186 55
186 416 55
416 188 95
188 416 95
417 186 45
186 417 45
417 185 95
185 417 95
418 184 40
184 418 40
418 185 59
185 418 59
419 184 37
184 419 37
419 183 68
183 419 68
420 228 124
228 420 124
420 134 127
134 420 127
421 134 11
134 421 11
421 132 80
132 421 80
422 134 38
134 422 38
422 135 61
135 422 61
423 138 41
138 423 41
423 137 76
137 423 76
424 107 22
107 424 22
424 108 65
108 424 65
425 108 25
108 425 25
425 107 78
107 425 78
426 109 91
109 426 91
426 108 117
108 426 117
427 79 24
79 427 24
427 78 66
78 427 66
428 79 46
79 428 46
428 82 52
82 428 52
429 83 23
83 429 23
429 82 101
82 429 101
430 52 46
52 430 46
430 51 95
51 430 95
431 52 48
52 431 48
431 53 56
53 431 56
432 8 29
8 432 29
432 9 106
9 432 106
433 7 72
7 433 72
433 8 101
8 433 101
434 7 32
7 434 32
434 6 106
6 434 106
435 208 82
208 435 82
435 187 134
187 435 134
436 208 17
208 436 17
436 188 95
188 436 95
437 189 22
189 437 22
437 188 59
188 437 59
438 190 70
190 438 70
438 189 90
189 438 90
439 183 77
183 439 77
439 184 101
184 439 101
440 183 46
183 440 46
440 182 48
182 440 48
441 182 51
182 441 51
441 181 98
181 441 98
442 135 96
135 442 96
442 134 117
134 442 117
443 135 36
135 443 36
443 136 43
136 443 43
444 139 47
139 444 47
444 136 48
136 444 48
445 138 93
138 445 93
445 108 96
108 445 96
446 109 23
109 446 23
446 110 65
110 446 65
447 110 49
110 447 49
447 109 82
109 447 82
448 80 119
80 448 119
448 111 122
111 448 122
449 80 32
80 449 32
449 81 66
81 449 66
450 81 21
81 450 21
450 80 95
80 450 95
451 54 52
54 451 52
451 53 114
53 451 114
452 53 38
53 452 38
452 54 46
54 452 46
453 9 21
9 453 21
453 10 69
10 453 69
454 9 91
9 454 91
454 10 108
10 454 108
455 7 126
7 455 126
455 10 173
10 455 173
456 207 83
207 456 83
456 208 128
208 456 128
457 208 90
208 457 90
457 207 94
207 457 94
458 190 62
190 458 62
458 189 96
189 458 96
459 191 37
191 459 37
459 190 44
190 459 44
460 192 82
192 460 82
460 191 107
191 460 107
461 182 58
182 461 58
461 181 100
181 461 100
462 182 42
182 462 42
462 181 43
181 462 43
463 180 63
180 463 63
463 181 99
181 463 99
464 141 97
141 464 97
464 139 101
139 464 101
465 140 37
140 465 37
465 139 41
139 465 41
466 140 39
140 466 39
466 142 81
142 466 81
467 110 54
110 467 54
467 109 94
109 467 94
468 111 19
111 468 19
468 110 80
110 468 80
469 112 69
112 469 69
469 111 83
111 469 83
470 81 88
81 470 88
470 84 110
84 470 110
471 84 15
84 471 15
471 81 91
81 471 91
472 84 69
84 472 69
472 55 98
55 472 98
473 55 11
55 473 11
473 56 84
56 473 84
474 10 36
10 474 36
474 11 88
11 474 88
475 10 69
10 475 69
475 11 99
11 475 99
476 11 150
11 476 150
476 10 161
10 476 161
477 207 76
207 477 76
477 206 100
206 477 100
478 206 20
206 478 20
478 207 79
207 478 79
479 205 81
205 479 81
479 206 106
206 479 106
480 192 32
192 480 32
480 191 77
191 480 77
481 192 13
192 481 13
481 193 82
193 481 82
482 193 116
193 482 116
482 181 117
181 482 117
483 180 45
180 483 45
483 181 86
181 483 86
484 179 11
179 484 11
484 180 67
180 484 67
485 141 89
141 485 89
485 178 107
178 485 107
486 161 60
161 486 60
486 141 62
141 486 62
487 142 5
142 487 5
487 140 81
140 487 81
488 143 89
143 488 89
488 144 127
144 488 127
489 111 98
111 489 98
489 112 107
112 489 107
490 112 9
112 490 9
490 113 85
113 490 85
491 113 64
113 491 64
491 112 111
112 491 111
492 85 62
85 492 62
492 84 62
84 492 62
493 85 80
85 493 80
493 56 95
56 493 95
494 56 40
56 494 40
494 57 43
57 494 43
495 11 71
11 495 71
495 12 81
12 495 81
496 12 29
12 496 29
496 11 63
11 496 63
497 12 131
12 497 131
497 11 150
11 497 150
498 206 108
206 498 108
498 205 127
205 498 127
499 205 62
205 499 62
499 206 98
206 499 98
500 204 9
204 500 9
500 205 78
205 500 78
501 204 90
204 501 90
501 203 110
203 501 110
502 193 23
193 502 23
502 194 78
194 502 78
503 194 45
194 503 45
503 195 84
195 503 84
504 195 113
195 504 113
504 179 121
179 504 121
505 178 48
178 505 48
505 179 70
179 505 70
506 177 37
177 506 37
506 178 50
178 506 50
507 161 9
161 507 9
507 141 100
141 507 100
508 143 22
143 508 22
508 142 86
142 508 86
509 144 20
144 509 20
509 143 67
143 509 67
510 144 78
144 510 78
510 145 85
145 510 85
511 113 63
113 511 63
511 114 68
114 511 68
512 113 34
113 512 34
512 114 48
114 512 48
513 86 9
86 513 9
513 87 73
87 513 73
514 57 86
57 514 86
514 86 87
86 514 87
515 57 10
57 515 10
515 58 71
58 515 71
516 58 92
58 516 92
516 13 93
13 516 93
517 13 13
13 517 13
517 12 76
12 517 76
518 13 113
13 518 113
518 14 130
14 518 130
519 209 112
209 519 112
519 205 198
205 519 198
520 209 93
209 520 93
520 204 153
204 520 153
521 204 43
204 521 43
521 203 68
203 521 68
522 203 26
203 522 26
522 202 56
202 522 56
523 202 99
202 523 99
523 194 107
194 523 107
524 195 35
195 524 35
524 194 87
194 524 87
525 196 15
196 525 15
525 195 79
195 525 79
526 196 113
196 526 113
526 176 114
176 526 114
527 177 50
177 527 50
527 162 55
162 527 55
528 162 12
162 528 12
528 177 94
177 528 94
529 162 122
162 529 122
529 147 127
147 529 127
530 144 53
144 530 53
530 147 70
147 530 70
531 146 5
146 531 5
531 148 61
148 531 61
532 115 81
115 532 81
532 145 92
145 532 92
533 115 17
115 533 17
533 114 62
114 533 62
534 87 42
87 534 42
534 88 81
88 534 81
535 88 43
88 535 43
535 87 44
87 535 44
536 59 19
59 536 19
536 58 72
58 536 72
537 59 71
59 537 71
537 58 101
58 537 101
538 14 13
14 538 13
538 13 65
13 538 65
539 14 96
14 539 96
539 15 107
15 539 107
540 209 39
209 540 39
540 210 134
210 540 134
541 209 36
209 541 36
541 210 117
210 541 117
542 210 118
210 542 118
542 203 123
203 542 123
543 201 52
201 543 52
543 202 62
202 543 62
544 201 17
201 544 17
544 200 67
200 544 67
545 196 93
196 545 93
545 200 115
200 545 115
546 176 34
176 546 34
546 196 44
196 546 44
547 175 57
175 547 57
547 176 95
176 547 95
548 163 95
163 548 95
548 162 124
162 548 124
549 163 54
163 549 54
549 162 105
162 549 105
550 160 75
160 550 75
550 163 126
163 550 126
551 147 63
147 551 63
551 160 75
160 551 75
552 149 9
149 552 9
552 150 73
150 552 73
553 149 78
149 553 78
553 116 94
116 553 94
554 116 4
116 554 4
554 115 75
115 554 75
555 89 64
89 555 64
555 88 91
88 555 91
556 89 31
89 556 31
556 88 50
88 556 50
557 60 51
60 557 51
557 59 85
59 557 85
558 60 34
60 558 34
558 61 61
61 558 61
559 16 35
16 559 35
559 15 46
15 559 46
560 16 79
16 560 79
560 15 88
15 560 88
561 210 108
210 561 108
561 209 129
209 561 129
562 210 32
210 562 32
562 209 111
209 562 111
563 211 51
211 563 51
563 210 81
210 563 81
564 201 107
201 564 107
564 200 119
200 564 119
565 200 15
200 565 15
565 201 78
201 565 78
566 199 18
199 566 18
566 200 86
200 566 86
567 175 70
175 567 70
567 176 106
176 567 106
568 175 15
175 568 15
568 174 74
174 568 74
569 174 62
174 569 62
569 164 105
164 569 105
570 163 56
163 570 56
570 164 75
164 570 75
571 159 41
159 571 41
571 160 46
160 571 46
572 159 20
159 572 20
572 160 60
160 572 60
573 150 18
150 573 18
573 149 61
149 573 61
574 150 76
150 574 76
574 117 95
117 574 95
575 117 33
117 575 33
575 118 48
118 575 48
576 90 87
90 576 87
576 118 88
118 576 88
577 90 21
90 577 21
577 89 80
89 577 80
578 90 73
90 578 73
578 61 99
61 578 99
579 61 29
61 579 29
579 62 61
62 579 61
580 17 52
17 580 52
580 16 60
16 580 60
581 17 57
17 581 57
581 16 83
16 581 83
582 210 173
210 582 173
582 216 195
216 582 195
583 211 74
211 583 74
583 212 122
212 583 122
584 211 21
211 584 21
584 212 56
212 584 56
585 212 69
212 585 69
585 213 87
213 585 87
586 199 93
199 586 93
586 200 127
200 586 127
587 198 27
198 587 27
587 199 67
199 587 67
588 198 82
198 588 82
588 197 85
197 588 85
589 174 46
174 589 46
589 175 99
175 589 99
590 172 23
172 590 23
590 174 78
174 590 78
591 164 30
164 591 30
591 165 64
165 591 64
592 158 66
158 592 66
592 159 90
159 592 90
593 158 4
158 593 4
593 159 77
159 593 77
594 151 42
151 594 42
594 152 86
152 594 86
595 151 35
151 595 35
595 152 86
152 595 86
596 118 59
118 596 59
596 119 65
119 596 65
597 119 66
119 597 66
597 118 98
118 597 98
598 91 10
91 598 10
598 90 71
90 598 71
599 91 78
91 599 78
599 62 94
62 599 94
600 63 41
63 600 41
600 62 44
62 600 44
601 18 69
18 601 69
601 63 103
63 601 103
602 18 35
18 602 35
602 19 85
19 602 85
603 216 87
216 603 87
603 217 165
217 603 165
604 216 110
216 604 110
604 212 128
212 604 128
605 212 79
212 605 79
605 213 103
213 605 103
606 213 7
213 606 7
606 212 70
212 606 70
607 214 79
214 607 79
607 213 116
213 607 116
608 197 81
197 608 81
608 198 102
198 608 102
609 197 26
197 609 26
609 171 89
171 609 89
610 171 32
171 610 32
610 173 82
173 610 82
611 172 55
172 611 55
611 173 78
173 611 78
612 166 34
166 612 34
612 165 52
165 612 52
613 166 74
166 613 74
613 165 101
165 613 101
614 157 9
157 614 9
614 156 68
156 614 68
615 153 78
153 615 78
615 152 81
152 615 81
616 153 31
153 616 31
616 152 52
152 616 52
617 120 53
120 617 53
617 119 89
119 617 89
618 120 22
120 618 22
618 121 65
121 618 65
619 93 20
93 619 20
619 92 68
92 619 68
620 93 45
93 620 45
620 92 92
92 620 92
621 64 11
64 621 11
621 63 82
63 621 82
622 64 72
64 622 72
622 19 96
19 622 96
623 19 26
19 623 26
623 18 101
18 623 101
624 216 29
216 624 29
624 217 92
217 624 92
625 217 22
217 625 22
625 216 57
216 625 57
626 217 104
217 626 104
626 218 120
218 626 120
627 214 62
214 627 62
627 215 109
215 627 109
628 215 27
215 628 27
628 214 62
214 628 62
629 215 98
215 629 98
629 197 153
197 629 153
630 171 72
171 630 72
630 197 128
197 630 128
631 171 50
171 631 50
631 170 62
170 631 62
632 170 94
170 632 94
632 173 117
173 632 117
633 167 17
167 633 17
633 166 59
166 633 59
634 167 44
167 634 44
634 168 66
168 634 66
635 155 36
155 635 36
635 156 44
156 635 44
636 155 74
155 636 74
636 156 99
156 636 99
637 154 5
154 637 5
637 153 79
153 637 79
638 121 68
121 638 68
638 154 106
154 638 106
639 121 9
121 639 9
639 122 80
122 639 80
640 93 29
93 640 29
640 94 76
94 640 76
641 93 27
93 641 27
641 94 63
94 641 63
642 64 79
64 642 79
642 63 157
63 642 157
643 64 97
64 643 97
643 19 156
19 643 156
644 19 118
19 644 118
644 18 198
18 644 198
645 217 134
217 645 134
645 216 136
216 645 136
646 217 35
217 646 35
646 218 63
218 646 63
647 218 21
218 647 21
647 217 104
217 647 104
648 215 127
215 648 127
648 218 136
218 648 136
649 215 71
215 649 71
649 214 148
214 649 148
650 215 118
215 650 118
650 214 206
214 650 206
651 170 141
170 651 141
651 171 166
171 651 166
652 170 90
170 652 90
652 169 98
169 652 98
653 169 13
169 653 13
653 170 84
170 653 84
654 168 37
168 654 37
654 167 83
167 654 83
655 168 47
168 655 47
655 167 92
167 655 92
656 155 16
155 656 16
656 156 94
156 656 94
657 155 77
155 657 77
657 154 137
154 657 137
658 154 78
154 658 78
658 153 157
153 658 157
659 122 98
122 659 98
659 154 129
154 659 129
660 122 34
122 660 34
660 121 114
121 660 114
661 122 102
122 661 102
661 94 121
94 661 121
662 94 68
94 662 68
662 93 149
93 662 149
663 64 168
64 663 168
663 94 182
94 663 182
664 64 217
64 664 217
664 94 227
94 664 227
665 19 217
19 665 217
665 64 262
64 665 262
666 218 185
218 666 185
666 217 191
217 666 191
667 218 106
218 667 106
667 217 160
217 667 160
668 218 92
218 668 92
668 217 187
217 668 187
669 218 160
218 669 160
669 215 201
215 669 201
670 215 171
215 670 171
670 214 245
214 670 245
671 215 195
215 671 195
671 170 278
170 671 278
672 170 193
170 672 193
672 169 211
169 672 211
673 169 124
169 673 124
673 170 156
170 673 156
674 169 85
169 674 85
674 170 167
170 674 167
675 168 120
168 675 120
675 169 138
169 675 138
676 168 125
168 676 125
676 155 187
155 676 187
677 155 147
155 677 147
677 168 192
168 677 192
678 155 169
155 678 169
678 154 207
154 678 207
679 154 150
154 679 150
679 122 200
122 679 200
680 122 162
122 680 162
680 154 208
154 680 208
681 122 136
122 681 136
681 121 217
121 681 217
682 122 176
122 682 176
682 94 177
94 682 177
683 94 175
94 683 175
683 122 252
122 683 252
684 94 223
94 684 223
684 64 284
64 684 284
685 94 255
94 685 255
685 64 259
64 685 259
686 19 316
19 686 316
686 64 340
64 686 340
687 235 42
235 687 42
687 236 87
236 687 87
688 22 103
22 688 103
688 23 104
23 688 104
689 211 90
211 689 90
689 210 124
210 689 124
690 144 66
144 690 66
690 147 89
147 690 89
691 63 78
63 691 78
691 64 86
64 691 86
692 53 42
53 692 42
692 54 56
54 692 56
693 134 125
134 693 125
693 183 125
183 693 125
694 126 42
126 694 42
694 127 58
127 694 58
695 156 19
156 695 19
695 157 72
157 695 72
696 44 64
44 696 64
696 46 86
46 696 86
