1   2   7   4   6   3   5   10  8   9   12  11 
2   1   3   5   10  4   7   8   6   9   12  11 
3   10  2   8   1   5   7   4   6   11  12  9  
4   7   5   12  9   1   2   6   8   11  10  3  
5   8   4   2   10  12  11  1   3   7   9   6  
6   7   1   4   2   9   5   3   12  10  8   11 
7   4   1   6   9   2   5   12  3   8   10  11 
8   5   10  3   2   11  4   12  1   7   9   6  
9   4   12  7   5   6   1   2   11  8   10  3  
10  3   8   2   5   1   4   11  7   12  6   9  
11  12  5   8   4   10  2   9   7   1   3   6  
12  4   11  9   5   8   7   2   1   10  6   3  
