-7.393068599999999435e+01 4.066360199999999736e+01
-7.392984099999999614e+01 4.066394400000000076e+01
-7.392459499999999650e+01 4.066384800000000155e+01
-7.392195399999999950e+01 4.066273999999999944e+01
-7.392105599999999299e+01 4.066328699999999685e+01
-7.392098400000000424e+01 4.066394400000000076e+01
-7.392008599999999774e+01 4.066406700000000285e+01
-7.391963599999999701e+01 4.066254800000000103e+01
-7.391873800000000472e+01 4.066269900000000348e+01
-7.391778600000000665e+01 4.066283500000000117e+01
-7.391683399999999438e+01 4.066298599999999652e+01
-7.391589899999999602e+01 4.066310899999999862e+01
-7.391491100000000358e+01 4.066324600000000089e+01
-7.391401299999999708e+01 4.066339599999999876e+01
-7.391306099999999901e+01 4.066351900000000086e+01
-7.391212699999999813e+01 4.066368400000000349e+01
-7.391117400000000259e+01 4.066380699999999848e+01
-7.391025799999999890e+01 4.066394400000000076e+01
-7.390932399999999802e+01 4.066407999999999845e+01
-7.392901500000000681e+01 4.066091999999999729e+01
-7.392827800000000593e+01 4.066141199999999856e+01
-7.392754100000000506e+01 4.066187800000000152e+01
-7.392684099999999603e+01 4.066237000000000279e+01
-7.392614000000000374e+01 4.066280799999999829e+01
-7.392545699999999442e+01 4.066328299999999984e+01
-7.393011099999999658e+01 4.065837199999999996e+01
-7.392914000000000385e+01 4.065841300000000302e+01
-7.392818800000000579e+01 4.065848100000000187e+01
-7.392719999999999914e+01 4.065854900000000072e+01
-7.392641000000000417e+01 4.065860399999999686e+01
-7.392820600000000297e+01 4.066019099999999753e+01
-7.392721799999999632e+01 4.065930199999999672e+01
-7.392648099999999545e+01 4.065982199999999835e+01
-7.392576300000000344e+01 4.066028699999999674e+01
-7.392504399999999976e+01 4.066073899999999952e+01
-7.392436100000000465e+01 4.066120399999999790e+01
-7.392360700000000406e+01 4.066168299999999647e+01
-7.392274500000000614e+01 4.066224400000000117e+01
-7.392991299999999910e+01 4.065666099999999972e+01
-7.392899699999999541e+01 4.065675699999999892e+01
-7.392799100000000578e+01 4.065681200000000217e+01
-7.392701999999999884e+01 4.065686600000000084e+01
-7.392610399999999515e+01 4.065694899999999734e+01
-7.392498999999999398e+01 4.065705799999999925e+01
-7.392543899999999724e+01 4.065768700000000280e+01
-7.392464900000000227e+01 4.065820699999999732e+01
-7.392394799999999577e+01 4.065865900000000011e+01
-7.392323000000000377e+01 4.065910999999999831e+01
-7.392249300000000289e+01 4.065958899999999687e+01
-7.392180999999999358e+01 4.066005499999999984e+01
-7.392092999999999847e+01 4.066061599999999743e+01
-7.392012099999999464e+01 4.066112199999999888e+01
-7.391922300000000234e+01 4.066164200000000051e+01
-7.391848699999999894e+01 4.066112199999999888e+01
-7.391735500000000059e+01 4.066128599999999693e+01
-7.391645599999999661e+01 4.066145000000000209e+01
-7.391548600000000135e+01 4.066160099999999744e+01
-7.391453400000000329e+01 4.066169599999999917e+01
-7.391361799999999960e+01 4.066184700000000163e+01
-7.391266600000000153e+01 4.066201099999999968e+01
-7.391173100000000318e+01 4.066214800000000196e+01
-7.391077900000000511e+01 4.066228499999999713e+01
-7.390986300000000142e+01 4.066242199999999940e+01
-7.390894699999999773e+01 4.066258599999999745e+01
-7.392980500000000177e+01 4.065540200000000226e+01
-7.392883500000000652e+01 4.065545699999999840e+01
-7.392784699999999987e+01 4.065551200000000165e+01
-7.392691299999999899e+01 4.065559400000000068e+01
-7.392596000000000345e+01 4.065563499999999664e+01
-7.392502600000000257e+01 4.065570300000000259e+01
-7.392403799999999592e+01 4.065581300000000198e+01
-7.392398400000000436e+01 4.065640100000000245e+01
-7.392357099999999548e+01 4.065605899999999906e+01
-7.392314000000000362e+01 4.065564899999999682e+01
-7.392283399999999460e+01 4.065657900000000069e+01
-7.392213399999999979e+01 4.065703100000000347e+01
-7.392143299999999329e+01 4.065751000000000204e+01
-7.392071400000000381e+01 4.065793399999999735e+01
-7.391994200000000603e+01 4.065839900000000284e+01
-7.391909699999999361e+01 4.065896000000000043e+01
-7.391830699999999865e+01 4.065952099999999803e+01
-7.392044500000000085e+01 4.065885000000000105e+01
-7.392008599999999774e+01 4.065984900000000124e+01
-7.391719299999999748e+01 4.065986300000000142e+01
-7.391604300000000194e+01 4.065990399999999738e+01
-7.391507300000000669e+01 4.066006800000000254e+01
-7.391415700000000299e+01 4.066020499999999771e+01
-7.391320500000000493e+01 4.066032799999999980e+01
-7.391228800000000376e+01 4.066047900000000226e+01
-7.391133600000000570e+01 4.066061599999999743e+01
-7.391038399999999342e+01 4.066075200000000223e+01
-7.390950399999999831e+01 4.066088899999999740e+01
-7.390853300000000559e+01 4.066102599999999967e+01
-7.390758099999999331e+01 4.066114900000000176e+01
-7.392961200000000588e+01 4.065385599999999755e+01
-7.392865999999999360e+01 4.065392500000000098e+01
-7.392770799999999554e+01 4.065399299999999982e+01
-7.392673800000000028e+01 4.065403400000000289e+01
-7.392576699999999335e+01 4.065408899999999903e+01
-7.392483300000000668e+01 4.065417099999999806e+01
-7.392384500000000003e+01 4.065422600000000131e+01
-7.392287500000000477e+01 4.065427999999999997e+01
-7.392195900000000108e+01 4.065445799999999821e+01
-7.392163499999999487e+01 4.065556699999999779e+01
-7.392134799999999473e+01 4.065637399999999957e+01
-7.392096999999999696e+01 4.065493699999999677e+01
-7.392027000000000214e+01 4.065537499999999937e+01
-7.391956899999999564e+01 4.065583999999999776e+01
-7.391883199999999476e+01 4.065627800000000036e+01
-7.391813199999999995e+01 4.065675699999999892e+01
-7.391723299999999597e+01 4.065733199999999670e+01
-7.391642500000000382e+01 4.065787900000000121e+01
-7.391552699999999732e+01 4.065839900000000284e+01
-7.391466400000000192e+01 4.065850799999999765e+01
-7.391373000000000104e+01 4.065865900000000011e+01
-7.391279600000000016e+01 4.065878200000000220e+01
-7.391187999999999647e+01 4.065893299999999755e+01
-7.391092700000000093e+01 4.065906900000000235e+01
-7.390997500000000286e+01 4.065921999999999770e+01
-7.390909499999999355e+01 4.065937000000000268e+01
-7.390812499999999829e+01 4.065949400000000225e+01
-7.390718999999999994e+01 4.065964400000000012e+01
-7.392937899999999729e+01 4.065194000000000329e+01
-7.392847999999999331e+01 4.065218699999999785e+01
-7.392750999999999806e+01 4.065233700000000283e+01
-7.392652200000000562e+01 4.065239199999999897e+01
-7.392560600000000193e+01 4.065244700000000222e+01
-7.392463499999999499e+01 4.065249099999999771e+01
-7.392366499999999974e+01 4.065255599999999703e+01
-7.392273099999999886e+01 4.065247399999999800e+01
-7.392177900000000079e+01 4.065250100000000089e+01
-7.392075499999999977e+01 4.065256999999999721e+01
-7.392086299999999710e+01 4.065363700000000335e+01
-7.391996399999999312e+01 4.065278899999999851e+01
-7.391917399999999816e+01 4.065330900000000014e+01
-7.391845499999999447e+01 4.065377399999999852e+01
-7.392039499999999919e+01 4.065438999999999936e+01
-7.391910199999999520e+01 4.065437599999999918e+01
-7.391777199999999937e+01 4.065425299999999709e+01
-7.391703599999999597e+01 4.065469099999999969e+01
-7.391660500000000411e+01 4.065429400000000015e+01
-7.391633500000000367e+01 4.065515599999999807e+01
-7.391543699999999717e+01 4.065571700000000277e+01
-7.391466400000000192e+01 4.065622299999999711e+01
-7.391453900000000488e+01 4.065748200000000168e+01
-7.391396400000000710e+01 4.065700300000000311e+01
-7.391326300000000060e+01 4.065638799999999975e+01
-7.391331700000000637e+01 4.065711300000000250e+01
-7.391241899999999987e+01 4.065724999999999767e+01
-7.391150199999999870e+01 4.065741400000000283e+01
-7.391053200000000345e+01 4.065755099999999800e+01
-7.390959800000000257e+01 4.065768700000000280e+01
-7.390866400000000169e+01 4.065782399999999797e+01
-7.390772900000000334e+01 4.065794700000000006e+01
-7.390731599999999446e+01 4.065629200000000054e+01
-7.390824999999999534e+01 4.065614099999999809e+01
-7.390914899999999932e+01 4.065603200000000328e+01
-7.391011899999999457e+01 4.065586799999999812e+01
-7.391107100000000685e+01 4.065575799999999873e+01
-7.391200499999999352e+01 4.065562099999999646e+01
-7.391532899999999984e+01 4.065422600000000131e+01
-7.391385599999999556e+01 4.065418499999999824e+01
-7.391231100000000254e+01 4.065413000000000210e+01
-7.391078400000000670e+01 4.065418499999999824e+01
-7.390974199999999428e+01 4.065433500000000322e+01
-7.390875300000000436e+01 4.065448599999999857e+01
-7.390785499999999786e+01 4.065460900000000066e+01
-7.390690299999999979e+01 4.065474600000000294e+01
-7.390658000000000527e+01 4.065336400000000339e+01
-7.390738799999999742e+01 4.065284400000000176e+01
-7.390841199999999844e+01 4.065220000000000056e+01
-7.391013700000000597e+01 4.065350399999999809e+01
-7.390938199999999370e+01 4.065287099999999754e+01
-7.391101700000000108e+01 4.065295299999999656e+01
-7.391180799999999351e+01 4.065243300000000204e+01
-7.391268800000000283e+01 4.065185799999999716e+01
-7.391448499999999910e+01 4.065348699999999837e+01
-7.391520300000000532e+01 4.065303500000000270e+01
-7.391592199999999480e+01 4.065255599999999703e+01
-7.391665899999999567e+01 4.065211800000000153e+01
-7.391734099999999330e+01 4.065165300000000315e+01
-7.391813199999999995e+01 4.065115999999999730e+01
-7.391890399999999772e+01 4.065068099999999873e+01
-7.391964099999999860e+01 4.065018899999999746e+01
-7.392046700000000214e+01 4.064968300000000312e+01
-7.392037799999999947e+01 4.064861499999999950e+01
-7.392019799999999918e+01 4.064704100000000153e+01
-7.391922800000000393e+01 4.064762999999999948e+01
-7.391849100000000305e+01 4.064810899999999805e+01
-7.391780799999999374e+01 4.064857400000000354e+01
-7.391707200000000455e+01 4.064905300000000210e+01
-7.391631700000000649e+01 4.064952199999999749e+01
-7.391556300000000590e+01 4.065003800000000211e+01
-7.391482600000000502e+01 4.065048999999999779e+01
-7.391412499999999852e+01 4.065094100000000310e+01
-7.391340700000000652e+01 4.065143400000000184e+01
-7.390945399999999665e+01 4.065151600000000087e+01
-7.391024500000000330e+01 4.065100999999999942e+01
-7.391108900000000403e+01 4.065044900000000183e+01
-7.391180799999999351e+01 4.064999699999999905e+01
-7.391252599999999973e+01 4.064951800000000048e+01
-7.391326300000000060e+01 4.064907999999999788e+01
-7.391396400000000710e+01 4.064858799999999661e+01
-7.391471799999999348e+01 4.064809499999999787e+01
-7.391549100000000294e+01 4.064760199999999912e+01
-7.391622700000000634e+01 4.064715100000000092e+01
-7.391692799999999863e+01 4.064668600000000254e+01
-7.391863499999999476e+01 4.064709599999999767e+01
-7.391270600000000002e+01 4.064664400000000199e+01
-7.391175400000000195e+01 4.064724700000000013e+01
-7.391065799999999797e+01 4.064787599999999657e+01
-7.391001099999999724e+01 4.064836900000000242e+01
-7.390929199999999355e+01 4.064880699999999791e+01
-7.390841199999999844e+01 4.064938099999999821e+01
-7.390760400000000629e+01 4.064990099999999984e+01
-7.390819600000000378e+01 4.064671299999999832e+01
-7.390747799999999756e+01 4.064717799999999670e+01
-7.390658000000000527e+01 4.064772599999999869e+01
-7.392919899999999700e+01 4.065016099999999710e+01
-7.392828299999999331e+01 4.065024400000000071e+01
-7.392731200000000058e+01 4.065028499999999667e+01
-7.392632399999999393e+01 4.065036700000000280e+01
-7.392538999999999305e+01 4.065043500000000165e+01
-7.392440200000000061e+01 4.065047599999999761e+01
-7.392343200000000536e+01 4.065055799999999664e+01
-7.392251500000000419e+01 4.065058599999999700e+01
-7.392158100000000331e+01 4.065065400000000295e+01
-7.392059299999999666e+01 4.065070899999999909e+01
-7.392140200000000050e+01 4.064872499999999889e+01
-7.392230000000000700e+01 4.064868400000000292e+01
-7.392323399999999367e+01 4.064861499999999950e+01
-7.392418600000000595e+01 4.064856000000000336e+01
-7.392521000000000697e+01 4.064847799999999722e+01
-7.392612699999999393e+01 4.064843700000000126e+01
-7.392713299999999776e+01 4.064836900000000242e+01
-7.392806699999999864e+01 4.064829999999999899e+01
-7.392898300000000233e+01 4.064823200000000014e+01
-7.392880399999999952e+01 4.064637100000000203e+01
-7.392788699999999835e+01 4.064643900000000087e+01
-7.392689900000000591e+01 4.064649399999999702e+01
-7.392589300000000208e+01 4.064654900000000026e+01
-7.392499499999999557e+01 4.064663099999999929e+01
-7.392400700000000313e+01 4.064667200000000236e+01
-7.392303599999999619e+01 4.064674399999999821e+01
-7.392118600000000583e+01 4.064685300000000012e+01
-7.392970136649569213e+01 4.064628733486226508e+01
-7.392929172351448130e+01 4.064709434846521674e+01
-7.392924744507372736e+01 4.064797819661081490e+01
-7.392909869983284921e+01 4.064901021590124941e+01
-7.392909743419640733e+01 4.064998644261375205e+01
-7.392919587677938864e+01 4.065073744955416402e+01
-7.392954678894213316e+01 4.065186254981119163e+01
-7.392902869849380920e+01 4.065235977434939230e+01
-7.392923290976183637e+01 4.065358628489304493e+01
-7.392899171442823558e+01 4.065440850813655516e+01
-7.392941140717489645e+01 4.065532922814611538e+01
-7.392942642960062472e+01 4.065608008694567843e+01
-7.392912222123192123e+01 4.065700527638165340e+01
-7.392921089920511690e+01 4.065794324780932811e+01
-7.392921534302098507e+01 4.065876602304479803e+01
-7.392929326444473759e+01 4.065981507801976136e+01
-7.392915385630894320e+01 4.066068607750388963e+01
-7.392925233758731451e+01 4.066133359166963857e+01
-7.392906462556422298e+01 4.066218215724425278e+01
-7.392910241669638083e+01 4.066327380430644212e+01
-7.392927740360191535e+01 4.066426146846846734e+01
-7.392780291526123904e+01 4.064642832633646918e+01
-7.392809221080577231e+01 4.064714435135135062e+01
-7.392827133522754934e+01 4.064823774307740223e+01
-7.392815895367270684e+01 4.064893044813294409e+01
-7.392813099698173573e+01 4.064992060314610711e+01
-7.392792855169193444e+01 4.065052160626165545e+01
-7.392827568914313474e+01 4.065174834760566114e+01
-7.392807356093618409e+01 4.065241226833567367e+01
-7.392778541736963405e+01 4.065355574386635595e+01
-7.392790213882000216e+01 4.065420885508506643e+01
-7.392798491390212234e+01 4.065535897496518203e+01
-7.392795215373969597e+01 4.065627656152441460e+01
-7.392800246708861778e+01 4.065686727690888347e+01
-7.392809938949010018e+01 4.065785707638868018e+01
-7.392784490800355002e+01 4.065859945478229776e+01
-7.392793204340884472e+01 4.065972856099690347e+01
-7.392812586775856687e+01 4.066068120355209459e+01
-7.392802688618870377e+01 4.066150407953118417e+01
-7.392784106223389529e+01 4.066222243427191785e+01
-7.392809221080577231e+01 4.066336056756756534e+01
-7.392809221080577231e+01 4.066426146846846734e+01
-7.392703572167022230e+01 4.064633041577332051e+01
-7.392695495322719523e+01 4.064715491775540102e+01
-7.392693280537693568e+01 4.064824740524641555e+01
-7.392709703869155646e+01 4.064878760667551916e+01
-7.392699364725426392e+01 4.064996681681667212e+01
-7.392714032588799000e+01 4.065076471063228780e+01
-7.392668401972372294e+01 4.065167500260724864e+01
-7.392696107784855997e+01 4.065239989798489262e+01
-7.392690701800961506e+01 4.065345065765765753e+01
-7.392683935000512463e+01 4.065404953214387973e+01
-7.392665535551056166e+01 4.065548315927896539e+01
-7.392695342381392720e+01 4.065626112603979436e+01
-7.392695071467467471e+01 4.065692852116227129e+01
-7.392712857101756185e+01 4.065805573828604480e+01
-7.392691825331218070e+01 4.065889040571425284e+01
-7.392687899920923655e+01 4.065969615932718995e+01
-7.392669792474390533e+01 4.066077681043896774e+01
-7.392723172158832767e+01 4.066167912242072902e+01
-7.392689359734144716e+01 4.066237061856934787e+01
-7.392653452969298655e+01 4.066314759299915949e+01
-7.392690701800961506e+01 4.066426146846846734e+01
-7.392564507586897093e+01 4.064654771951431655e+01
-7.392572182521347202e+01 4.064714435135135062e+01
-7.392589114144486473e+01 4.064831819484254538e+01
-7.392611895135611633e+01 4.064879950055412650e+01
-7.392598423413994624e+01 4.064963437297429039e+01
-7.392547182959114593e+01 4.065065265979868769e+01
-7.392556642314816884e+01 4.065169360173757696e+01
-7.392573299760003636e+01 4.065244197900060641e+01
-7.392571063567503131e+01 4.065348552660315562e+01
-7.392609357158909233e+01 4.065408813606320848e+01
-7.392599963268378360e+01 4.065552717104884550e+01
-7.392591928985265781e+01 4.065591303502546339e+01
-7.392551161143406091e+01 4.065700281204879474e+01
-7.392555362107458450e+01 4.065782669052351395e+01
-7.392574268943887716e+01 4.065899220828381289e+01
-7.392580057945615124e+01 4.065965602572283188e+01
-7.392542885673987030e+01 4.066077838507493425e+01
-7.392557453366744369e+01 4.066129433260849879e+01
-7.392604294175286839e+01 4.066267726053534659e+01
-7.392572452626470181e+01 4.066321469977023639e+01
-7.392572182521347202e+01 4.066426146846846734e+01
-7.392460916974518170e+01 4.064614474721899740e+01
-7.392453494451420681e+01 4.064701335197489840e+01
-7.392466470123646616e+01 4.064790733108792153e+01
-7.392432395012168911e+01 4.064917352688222962e+01
-7.392447611039810340e+01 4.064990521648014976e+01
-7.392444656423725746e+01 4.065087743085243233e+01
-7.392452714407399128e+01 4.065157424630416472e+01
-7.392446512242813128e+01 4.065253724065044594e+01
-7.392464777177505653e+01 4.065357049789621158e+01
-7.392468605950236338e+01 4.065422684155002742e+01
-7.392440585606090053e+01 4.065532188434156780e+01
-7.392419659054672820e+01 4.065636999340036084e+01
-7.392447096136177720e+01 4.065680588979313370e+01
-7.392465039642473812e+01 4.065803395114232188e+01
-7.392445451468769591e+01 4.065904548762906501e+01
-7.392474083433342003e+01 4.065938652869745340e+01
-7.392472973406850656e+01 4.066077691777439185e+01
-7.392433962458962071e+01 4.066140664312227671e+01
-7.392445634518125530e+01 4.066243693137346327e+01
-7.392465264986941520e+01 4.066354083780429818e+01
-7.392453663241731476e+01 4.066426146846846734e+01
-7.392317016561136711e+01 4.064613693823791607e+01
-7.392335143962117172e+01 4.064714435135135062e+01
-7.392326934774027336e+01 4.064810023232729463e+01
-7.392326023091699483e+01 4.064863698023422955e+01
-7.392347340874742656e+01 4.064989790107465950e+01
-7.392364733870547866e+01 4.065067800285622468e+01
-7.392310565169375991e+01 4.065162798894461105e+01
-7.392340234193106596e+01 4.065257768108538983e+01
-7.392311294515238274e+01 4.065357812729074283e+01
-7.392352105271150720e+01 4.065439369609472209e+01
-7.392327930440332295e+01 4.065540671383502058e+01
-7.392364130089785590e+01 4.065619215159937738e+01
-7.392366668674220875e+01 4.065732807447314912e+01
-7.392320549849958411e+01 4.065772755857248910e+01
-7.392343914253997639e+01 4.065890661843194209e+01
-7.392341339106836529e+01 4.065956737297086931e+01
-7.392369158919376559e+01 4.066069907785578152e+01
-7.392342791232682941e+01 4.066155295724643537e+01
-7.392305979404069660e+01 4.066246027210829084e+01
-7.392337992336784680e+01 4.066331163573229190e+01
-7.392335143962117172e+01 4.066426146846846734e+01
-7.392213887902775582e+01 4.064610260596252544e+01
-7.392240939007540135e+01 4.064688588031830818e+01
-7.392216624682501447e+01 4.064804525225225262e+01
-7.392228453282869793e+01 4.064875166330265444e+01
-7.392233342858827427e+01 4.065002728679264976e+01
-7.392206142319312789e+01 4.065075353386208690e+01
-7.392182203751589498e+01 4.065146997791223527e+01
-7.392229176584271499e+01 4.065246664546608457e+01
-7.392227206097383885e+01 4.065337197227574251e+01
-7.392207964625541194e+01 4.065423305868310422e+01
-7.392215589770501083e+01 4.065503029609544683e+01
-7.392228383752383536e+01 4.065618642139111927e+01
-7.392210098872877211e+01 4.065713094759285440e+01
-7.392252663894849718e+01 4.065770238190455643e+01
-7.392191961562083691e+01 4.065899440886040139e+01
-7.392210834845678846e+01 4.065980071396595719e+01
-7.392219991418400582e+01 4.066055201592852342e+01
-7.392228093698237501e+01 4.066180521562086625e+01
-7.392195215042167433e+01 4.066262178087121271e+01
-7.392226948330444714e+01 4.066315665395426748e+01
-7.392216624682501447e+01 4.066426146846846734e+01
-7.392098105402887143e+01 4.064624345045044862e+01
-7.392075002257611516e+01 4.064693015444110102e+01
-7.392098105402887143e+01 4.064804525225225262e+01
-7.392055332750499019e+01 4.064884516935133263e+01
-7.392055040642827635e+01 4.064976482625500864e+01
-7.392077400067320525e+01 4.065086946318692895e+01
-7.392062239883020425e+01 4.065143134996715446e+01
-7.392087624548970837e+01 4.065259072130698570e+01
-7.392076627193148397e+01 4.065346960287118350e+01
-7.392124598044239292e+01 4.065417561873882590e+01
-7.392094118949286496e+01 4.065518641506793074e+01
-7.392123492118231809e+01 4.065623172116198702e+01
-7.392121808323221899e+01 4.065703507055810917e+01
-7.392085366840063898e+01 4.065793820059280961e+01
-7.392086292196746911e+01 4.065868681874837165e+01
-7.392107372688693090e+01 4.065953408898564447e+01
-7.392095602511629693e+01 4.066065682816024918e+01
-7.392083274518746805e+01 4.066172984670138391e+01
-7.392118017640129324e+01 4.066225899182410330e+01
-7.392103006171387847e+01 4.066327547265454712e+01
-7.392098105402887143e+01 4.066426146846846734e+01
-7.391964429210146648e+01 4.064599067308198954e+01
-7.391992519676541917e+01 4.064718008462936893e+01
-7.392010559479203380e+01 4.064816549594015527e+01
-7.391999651568112029e+01 4.064890253359777006e+01
-7.391979586123271417e+01 4.064984705405404952e+01
-7.391969422181064431e+01 4.065052753690556386e+01
-7.391979586123271417e+01 4.065164885585585353e+01
-7.391983924919883009e+01 4.065275721146281995e+01
-7.391986108557306068e+01 4.065312606028264497e+01
-7.391952227473163362e+01 4.065456146716015695e+01
-7.392000027391517847e+01 4.065535121524917628e+01
-7.391980413371813086e+01 4.065599071615363158e+01
-7.391955750703237982e+01 4.065689245655836714e+01
-7.391999075637076544e+01 4.065817889001056784e+01
-7.391982575841547032e+01 4.065881224622275170e+01
-7.391992528137346596e+01 4.065967205038800358e+01
-7.391981985299985070e+01 4.066077124721107339e+01
-7.391987185317263709e+01 4.066151369386162173e+01
-7.391996553985666196e+01 4.066246041015410384e+01
-7.391979407678898895e+01 4.066345023980997553e+01
-7.391979586123271417e+01 4.066426146846846734e+01
-7.391886191380811510e+01 4.064637344946838482e+01
-7.391847662938428698e+01 4.064699174659852332e+01
-7.391870906359351068e+01 4.064799325428620591e+01
-7.391850301747636820e+01 4.064892375211500308e+01
-7.391845229475228507e+01 4.065007719184614388e+01
-7.391836506725945810e+01 4.065076605603783122e+01
-7.391850095273335342e+01 4.065152966264142975e+01
-7.391861066843655692e+01 4.065254975675675553e+01
-7.391883857592627294e+01 4.065351109346689640e+01
-7.391833186946443845e+01 4.065420129615998945e+01
-7.391880679927400877e+01 4.065519030912162179e+01
-7.391855348351793964e+01 4.065626366925158663e+01
-7.391862356190996763e+01 4.065700594502568777e+01
-7.391834165031794157e+01 4.065804781125195433e+01
-7.391871909038400190e+01 4.065900979096968371e+01
-7.391846937057330535e+01 4.065967280843936749e+01
-7.391872157522129783e+01 4.066068829331442913e+01
-7.391884511384674283e+01 4.066144038643341929e+01
-7.391853731477523581e+01 4.066257656533474574e+01
-7.391869560544196815e+01 4.066352241769578768e+01
-7.391861066843655692e+01 4.066426146846846734e+01
-7.391768225086811128e+01 4.064619621570098928e+01
-7.391761700417762881e+01 4.064735223549013199e+01
-7.391734515366398739e+01 4.064813636093955296e+01
-7.391739246615490799e+01 4.064881791456360816e+01
-7.391703388461193924e+01 4.065002092115907573e+01
-7.391765831158373601e+01 4.065077746577949824e+01
-7.391772260281712192e+01 4.065138812963234471e+01
-7.391717650137807993e+01 4.065253601336306843e+01
-7.391709562979605153e+01 4.065350354705887526e+01
-7.391735680180343593e+01 4.065445712132599709e+01
-7.391727914425999302e+01 4.065499794500649955e+01
-7.391772039784076753e+01 4.065637652063207952e+01
-7.391736159259001226e+01 4.065718675018747774e+01
-7.391720885352340531e+01 4.065808159857059678e+01
-7.391761473841012275e+01 4.065892561139850869e+01
-7.391736369466862300e+01 4.065992336126085149e+01
-7.391756840927341443e+01 4.066041720835152518e+01
-7.391745131831598314e+01 4.066136118358341633e+01
-7.391768111158134502e+01 4.066251998065863660e+01
-7.391783194672309776e+01 4.066345522845699634e+01
-7.391742547564041388e+01 4.066426146846846734e+01
-7.391624028284425663e+01 4.064624345045044862e+01
-7.391640331612386206e+01 4.064727657170696062e+01
-7.391618135968383285e+01 4.064811167641909151e+01
-7.391618610103833475e+01 4.064924634566199302e+01
-7.391637888147691626e+01 4.064963395321851181e+01
-7.391642931500612690e+01 4.065085920696966326e+01
-7.391633013287719223e+01 4.065179412397284864e+01
-7.391603396769642131e+01 4.065249772624457592e+01
-7.391630922025798611e+01 4.065352016347377884e+01
-7.391593436797327854e+01 4.065452593937834536e+01
-7.391635666998695342e+01 4.065520721682698024e+01
-7.391616680489339331e+01 4.065629662386361787e+01
-7.391619483391259848e+01 4.065692812520147470e+01
-7.391634202228621575e+01 4.065793978348157367e+01
-7.391602918879631545e+01 4.065883772948720321e+01
-7.391659243248692235e+01 4.065952745970626836e+01
-7.391621155391021603e+01 4.066061520353657954e+01
-7.391598463328642765e+01 4.066151255204664494e+01
-7.391634188148648832e+01 4.066246206330837509e+01
-7.391617741868479641e+01 4.066327121877639428e+01
-7.391624028284425663e+01 4.066426146846846734e+01
-7.391531410508264344e+01 4.064645928015686138e+01
-7.391505509004811358e+01 4.064714435135135062e+01
-7.391483564045172727e+01 4.064810282030549615e+01
-7.391523952629620453e+01 4.064880498921602481e+01
-7.391535049554867953e+01 4.064990501872096473e+01
-7.391511745598370453e+01 4.065083090963717893e+01
-7.391502418809045594e+01 4.065169875654120801e+01
-7.391508763825171968e+01 4.065261205474248385e+01
-7.391491737656703265e+01 4.065343126144601626e+01
-7.391540807282203218e+01 4.065428458527473055e+01
-7.391542059136187959e+01 4.065551185629405495e+01
-7.391489378200323301e+01 4.065615824945223267e+01
-7.391509848765291224e+01 4.065684502167768244e+01
-7.391504163766313695e+01 4.065796677240209789e+01
-7.391522221067758380e+01 4.065861069653735171e+01
-7.391498489444545328e+01 4.066000931191396717e+01
-7.391528159312166224e+01 4.066083589991553993e+01
-7.391536818763144367e+01 4.066156149068779513e+01
-7.391510022578275141e+01 4.066241316913519910e+01
-7.391503914791766761e+01 4.066331524006501752e+01
-7.391505509004811358e+01 4.066426146846846734e+01
-7.391394011837337530e+01 4.064626238700541450e+01
-7.391374876088184465e+01 4.064692498939638199e+01
-7.391422225031396920e+01 4.064800469837800279e+01
-7.391382714107149354e+01 4.064880015592359541e+01
-7.391386989725195633e+01 4.064984705405404952e+01
-7.391383288760411574e+01 4.065071213704732145e+01
-7.391355215363923037e+01 4.065151205753297603e+01
-7.391384316806184529e+01 4.065239970326136643e+01
-7.391395252271678373e+01 4.065369309641648243e+01
-7.391397228635605643e+01 4.065424741171523237e+01
-7.391367597777275478e+01 4.065528211607600184e+01
-7.391403502493628253e+01 4.065614604089049067e+01
-7.391402762661900283e+01 4.065699253940648816e+01
-7.391362267329805036e+01 4.065793304293048038e+01
-7.391393503211035920e+01 4.065862793210067849e+01
-7.391395410559668733e+01 4.065985827735988067e+01
-7.391370845334301976e+01 4.066041445509297603e+01
-7.391367966900909892e+01 4.066167446257377094e+01
-7.391386989725195633e+01 4.066245966666666334e+01
-7.391416904468276527e+01 4.066341781214274675e+01
-7.391386989725195633e+01 4.066426146846846734e+01
-7.391271858519949944e+01 4.064628662158249028e+01
-7.391303773434819391e+01 4.064684906680347609e+01
-7.391268470445581329e+01 4.064804525225225262e+01
-7.391252023617255418e+01 4.064904817616670130e+01
-7.391248208919989793e+01 4.064967299093050457e+01
-7.391271747429821914e+01 4.065077719097845232e+01
-7.391294232328647240e+01 4.065161744960283130e+01
-7.391240362750045279e+01 4.065269025385236290e+01
-7.391284104612024919e+01 4.065337064692243274e+01
-7.391269204848698848e+01 4.065452164933098800e+01
-7.391273217257732142e+01 4.065522244777531569e+01
-7.391278810958024792e+01 4.065594522154290757e+01
-7.391232344445630531e+01 4.065720521777783603e+01
-7.391264612118230559e+01 4.065793895533546021e+01
-7.391284852536382743e+01 4.065877926925323749e+01
-7.391228058592409411e+01 4.065989506895498806e+01
-7.391265756527411668e+01 4.066050767452919956e+01
-7.391269135983647232e+01 4.066154530417854573e+01
-7.391244663079235977e+01 4.066227116939289488e+01
-7.391251526923308290e+01 4.066356331559558868e+01
-7.391268470445581329e+01 4.066426146846846734e+01
-7.391120935055639052e+01 4.064636772742248638e+01
-7.391148952737951561e+01 4.064703369421661705e+01
-7.391126657101537489e+01 4.064787707253725557e+01
-7.391149951165965604e+01 4.064894615315314752e+01
-7.391172037352333746e+01 4.064987755290065508e+01
-7.391115959675121871e+01 4.065060403944887213e+01
-7.391142297360326552e+01 4.065186660322089551e+01
-7.391172413939838748e+01 4.065255813729676504e+01
-7.391147481760911830e+01 4.065339574683716961e+01
-7.391167469750237728e+01 4.065427504143755044e+01
-7.391146710586178870e+01 4.065554249304116752e+01
-7.391131327209177471e+01 4.065574811296430369e+01
-7.391169743651752810e+01 4.065733941355288295e+01
-7.391165170897255621e+01 4.065809631197344487e+01
-7.391150351460282764e+01 4.065902333698132765e+01
-7.391114084777535709e+01 4.065984522429683068e+01
-7.391143170696498998e+01 4.066079769886300710e+01
-7.391149857711423010e+01 4.066126886870691948e+01
-7.391150199537557342e+01 4.066234642230067919e+01
-7.391150416394742706e+01 4.066340975978615546e+01
-7.391149951165965604e+01 4.066426146846846734e+01
-7.391037174595651038e+01 4.064609682523176559e+01
-7.391024291382629485e+01 4.064728357093935074e+01
-7.391051065877543635e+01 4.064802880262146800e+01
-7.391031431886351299e+01 4.064894615315314752e+01
-7.391031431886351299e+01 4.064984705405404952e+01
-7.391046279602447555e+01 4.065083186331149534e+01
-7.391042256266804600e+01 4.065173827828658659e+01
-7.391066070353454620e+01 4.065263303339337853e+01
-7.391040965881546754e+01 4.065349110088396145e+01
-7.391050712257727184e+01 4.065436728229759922e+01
-7.391020166829690652e+01 4.065527566320580632e+01
-7.391016572025513653e+01 4.065589221056943359e+01
-7.391038405762512298e+01 4.065719000294508589e+01
-7.391059324305011557e+01 4.065787102150184040e+01
-7.391038262817542659e+01 4.065872389365982542e+01
-7.391023211426099238e+01 4.065978571286115084e+01
-7.391051003906409278e+01 4.066077556431851292e+01
-7.391055594133877094e+01 4.066144924768333624e+01
-7.391034295532384135e+01 4.066251214098307543e+01
-7.391010078667594030e+01 4.066333360921004214e+01
-7.391031431886351299e+01 4.066426146846846734e+01
-7.390913998871984347e+01 4.064638273385757827e+01
-7.390903011679573353e+01 4.064748446708720309e+01
-7.390932154238109320e+01 4.064787785969392075e+01
-7.390936421513329435e+01 4.064876621317325345e+01
-7.390912912606735574e+01 4.064984705405404952e+01
-7.390904378056296764e+01 4.065085539227239764e+01
-7.390923611044807728e+01 4.065168879042909822e+01
-7.390878331452550754e+01 4.065228271648180680e+01
-7.390948390626815012e+01 4.065356915985184116e+01
-7.390915687619016694e+01 4.065448764439832985e+01
-7.390908955693016935e+01 4.065510463854320733e+01
-7.390904112992858188e+01 4.065602219705861131e+01
-7.390894925385656222e+01 4.065714923489764487e+01
-7.390903082609135311e+01 4.065788546407173953e+01
-7.390899920046214788e+01 4.065889660243568926e+01
-7.390890089114354566e+01 4.065950689895804260e+01
-7.390868782858015607e+01 4.066088565042087311e+01
-7.390867198746245492e+01 4.066142440642440903e+01
-7.390888633145443976e+01 4.066248881470713172e+01
-7.390905292917298652e+01 4.066323685942230526e+01
-7.390912912606735574e+01 4.066426146846846734e+01
-7.390806505372751189e+01 4.064647134516711446e+01
-7.390770615411129540e+01 4.064707511293719477e+01
-7.390794393327121270e+01 4.064804525225225262e+01
-7.390794393327121270e+01 4.064894615315314752e+01
-7.390789042366685635e+01 4.064978314616764976e+01
-7.390794393327121270e+01 4.065074795495495152e+01
-7.390794393327121270e+01 4.065164885585585353e+01
-7.390795142420888908e+01 4.065248362660121018e+01
-7.390819941414537197e+01 4.065342744674875064e+01
-7.390806087144815706e+01 4.065460504306720679e+01
-7.390763348661781151e+01 4.065496847395687041e+01
-7.390773976920793586e+01 4.065623920015962511e+01
-7.390764580811375595e+01 4.065691372533112968e+01
-7.390774545929161832e+01 4.065799837103032388e+01
-7.390797742784747015e+01 4.065888395985450643e+01
-7.390813914880875757e+01 4.065958125663632217e+01
-7.390836086792407400e+01 4.066079153970023441e+01
-7.390832360005497037e+01 4.066121084536359831e+01
-7.390801163758153791e+01 4.066262260949299900e+01
-7.390800228683910689e+01 4.066308847125299053e+01
-7.390794393327121270e+01 4.066426146846846734e+01
-7.390681531811473803e+01 4.064607829670218564e+01
-7.390708481146154440e+01 4.064730168232026131e+01
-7.390668375789350364e+01 4.064790266868015323e+01
-7.390675874047505545e+01 4.064894615315314752e+01
-7.390675874047505545e+01 4.064984705405404952e+01
-7.390675874047505545e+01 4.065074795495495152e+01
-7.390652725842113568e+01 4.065175025495429395e+01
-7.390642486883459128e+01 4.065248680442356033e+01
-7.390673193483851833e+01 4.065341231124916987e+01
-7.390690705789447179e+01 4.065440617213973695e+01
-7.390702668561432631e+01 4.065516009235240347e+01
-7.390713663748194051e+01 4.065622411045720952e+01
-7.390685954190965390e+01 4.065689701368214060e+01
-7.390680443121250676e+01 4.065793704798682739e+01
-7.390673576666172551e+01 4.065883175258217364e+01
-7.390680188237234916e+01 4.065973688473614800e+01
-7.390652130541876375e+01 4.066041500768933048e+01
-7.390679477154844790e+01 4.066129175710033650e+01
-7.390695242434047429e+01 4.066272309374186023e+01
-7.390642520618993672e+01 4.066299692477096528e+01
-7.390675874047505545e+01 4.066426146846846734e+01
-7.390557354767891240e+01 4.064624345045044862e+01
-7.390557354767891240e+01 4.064714435135135062e+01
-7.390557354767891240e+01 4.064804525225225262e+01
-7.390557354767891240e+01 4.064894615315314752e+01
-7.390557354767891240e+01 4.064984705405404952e+01
-7.390557354767891240e+01 4.065074795495495152e+01
-7.390585455338046472e+01 4.065154426130195020e+01
-7.390557354767891240e+01 4.065254975675675553e+01
-7.390557354767891240e+01 4.065345065765765753e+01
-7.390557354767891240e+01 4.065435155855855953e+01
-7.390557354767891240e+01 4.065525245945945443e+01
-7.390557354767891240e+01 4.065615336036035643e+01
-7.390557354767891240e+01 4.065705426126125843e+01
-7.390595839447369997e+01 4.065810012566863207e+01
-7.390557354767891240e+01 4.065885606306306244e+01
-7.390557354767891240e+01 4.065975696396396444e+01
-7.390557354767891240e+01 4.066065786486485933e+01
-7.390557354767891240e+01 4.066155876576576134e+01
-7.390557354767891240e+01 4.066245966666666334e+01
-7.390594567881613841e+01 4.066308211342421686e+01
-7.390557354767891240e+01 4.066426146846846734e+01
-7.392711411155973167e+01 4.064798337436334208e+01
-7.392643701312960047e+01 4.066148205810669225e+01
-7.391153478242932806e+01 4.064835012417955085e+01
-7.391404632161717814e+01 4.065584774636734977e+01
-7.390930050054332412e+01 4.066185489712621148e+01
-7.391913562468421617e+01 4.066126421401754243e+01
-7.391950616849116784e+01 4.065171567348583892e+01
-7.392621897114540275e+01 4.065269455831952428e+01
-7.390828784549766794e+01 4.065597067754374194e+01
-7.392443185682377305e+01 4.065745097117253692e+01
