245
441
10
-73.930686 40.663602 1
-73.929841 40.663944 2
-73.924595 40.663848 3
-73.921954 40.66274 4
-73.921056 40.663287 5
-73.920984 40.663944 6
-73.920086 40.664067 7
-73.919636 40.662548 8
-73.918738 40.662699 9
-73.917786 40.662835 10
-73.916834 40.662986 11
-73.915899 40.663109 12
-73.914911 40.663246 13
-73.914013 40.663396 14
-73.913061 40.663519 15
-73.912127 40.663684 16
-73.911174 40.663807 17
-73.910258 40.663944 18
-73.909324 40.66408 19
-73.929015 40.66092 20
-73.928278 40.661412 21
-73.927541 40.661878 22
-73.926841 40.66237 23
-73.92614 40.662808 24
-73.925457 40.663283 25
-73.930111 40.658372 26
-73.92914 40.658413 27
-73.928188 40.658481 28
-73.9272 40.658549 29
-73.92641 40.658604 30
-73.928206 40.660191 31
-73.927218 40.659302 32
-73.926481 40.659822 33
-73.925763 40.660287 34
-73.925044 40.660739 35
-73.924361 40.661204 36
-73.923607 40.661683 37
-73.922745 40.662244 38
-73.929913 40.656661 39
-73.928997 40.656757 40
-73.927991 40.656812 41
-73.92702 40.656866 42
-73.926104 40.656949 43
-73.92499 40.657058 44
-73.925439 40.657687 45
-73.924649 40.658207 46
-73.923948 40.658659 47
-73.92323 40.65911 48
-73.922493 40.659589 49
-73.92181 40.660055 50
-73.92093 40.660616 51
-73.920121 40.661122 52
-73.919223 40.661642 53
-73.918487 40.661122 54
-73.917355 40.661286 55
-73.916456 40.66145 56
-73.915486 40.661601 57
-73.914534 40.661696 58
-73.913618 40.661847 59
-73.912666 40.662011 60
-73.911731 40.662148 61
-73.910779 40.662285 62
-73.909863 40.662422 63
-73.908947 40.662586 64
-73.929805 40.655402 65
-73.928835 40.655457 66
-73.927847 40.655512 67
-73.926913 40.655594 68
-73.92596 40.655635 69
-73.925026 40.655703 70
-73.924038 40.655813 71
-73.923984 40.656401 72
-73.923571 40.656059 73
-73.92314 40.655649 74
-73.922834 40.656579 75
-73.922134 40.657031 76
-73.921433 40.65751 77
-73.920714 40.657934 78
-73.919942 40.658399 79
-73.919097 40.65896 80
-73.918307 40.659521 81
-73.920445 40.65885 82
-73.920086 40.659849 83
-73.917193 40.659863 84
-73.916043 40.659904 85
-73.915073 40.660068 86
-73.914157 40.660205 87
-73.913205 40.660328 88
-73.912288 40.660479 89
-73.911336 40.660616 90
-73.910384 40.660752 91
-73.909504 40.660889 92
-73.908533 40.661026 93
-73.907581 40.661149 94
-73.929612 40.653856 95
-73.92866 40.653925 96
-73.927708 40.653993 97
-73.926738 40.654034 98
-73.925767 40.654089 99
-73.924833 40.654171 100
-73.923845 40.654226 101
-73.922875 40.65428 102
-73.921959 40.654458 103
-73.921635 40.655567 104
-73.921348 40.656374 105
-73.92097 40.654937 106
-73.92027 40.655375 107
-73.919569 40.65584 108
-73.918832 40.656278 109
-73.918132 40.656757 110
-73.917233 40.657332 111
-73.916425 40.657879 112
-73.915527 40.658399 113
-73.914664 40.658508 114
-73.91373 40.658659 115
-73.912796 40.658782 116
-73.91188 40.658933 117
-73.910927 40.659069 118
-73.909975 40.65922 119
-73.909095 40.65937 120
-73.908125 40.659494 121
-73.90719 40.659644 122
-73.929379 40.65194 123
-73.92848 40.652187 124
-73.92751 40.652337 125
-73.926522 40.652392 126
-73.925606 40.652447 127
-73.924635 40.652491 128
-73.923665 40.652556 129
-73.922731 40.652474 130
-73.921779 40.652501 131
-73.920755 40.65257 132
-73.920863 40.653637 133
-73.919964 40.652789 134
-73.919174 40.653309 135
-73.918455 40.653774 136
-73.920395 40.65439 137
-73.919102 40.654376 138
-73.917772 40.654253 139
-73.917036 40.654691 140
-73.916605 40.654294 141
-73.916335 40.655156 142
-73.915437 40.655717 143
-73.914664 40.656223 144
-73.914539 40.657482 145
-73.913964 40.657003 146
-73.913263 40.656388 147
-73.913317 40.657113 148
-73.912419 40.65725 149
-73.911502 40.657414 150
-73.910532 40.657551 151
-73.909598 40.657687 152
-73.908664 40.657824 153
-73.907729 40.657947 154
-73.907316 40.656292 155
-73.90825 40.656141 156
-73.909149 40.656032 157
-73.910119 40.655868 158
-73.911071 40.655758 159
-73.912005 40.655621 160
-73.915329 40.654226 161
-73.913856 40.654185 162
-73.912311 40.65413 163
-73.910784 40.654185 164
-73.909742 40.654335 165
-73.908753 40.654486 166
-73.907855 40.654609 167
-73.906903 40.654746 168
-73.90658 40.653364 169
-73.907388 40.652844 170
-73.908412 40.6522 171
-73.910137 40.653504 172
-73.909382 40.652871 173
-73.911017 40.652953 174
-73.911808 40.652433 175
-73.912688 40.651858 176
-73.914485 40.653487 177
-73.915203 40.653035 178
-73.915922 40.652556 179
-73.916659 40.652118 180
-73.917341 40.651653 181
-73.918132 40.65116 182
-73.918904 40.650681 183
-73.919641 40.650189 184
-73.920467 40.649683 185
-73.920378 40.648615 186
-73.920198 40.647041 187
-73.919228 40.64763 188
-73.918491 40.648109 189
-73.917808 40.648574 190
-73.917072 40.649053 191
-73.916317 40.649522 192
-73.915563 40.650038 193
-73.914826 40.65049 194
-73.914125 40.650941 195
-73.913407 40.651434 196
-73.909454 40.651516 197
-73.910245 40.65101 198
-73.911089 40.650449 199
-73.911808 40.649997 200
-73.912526 40.649518 201
-73.913263 40.64908 202
-73.913964 40.648588 203
-73.914718 40.648095 204
-73.915491 40.647602 205
-73.916227 40.647151 206
-73.916928 40.646686 207
-73.918635 40.647096 208
-73.912706 40.646644 209
-73.911754 40.647247 210
-73.910658 40.647876 211
-73.910011 40.648369 212
-73.909292 40.648807 213
-73.908412 40.649381 214
-73.907604 40.649901 215
-73.908196 40.646713 216
-73.907478 40.647178 217
-73.90658 40.647726 218
-73.929199 40.650161 219
-73.928283 40.650244 220
-73.927312 40.650285 221
-73.926324 40.650367 222
-73.92539 40.650435 223
-73.924402 40.650476 224
-73.923432 40.650558 225
-73.922515 40.650586 226
-73.921581 40.650654 227
-73.920593 40.650709 228
-73.921402 40.648725 229
-73.9223 40.648684 230
-73.923234 40.648615 231
-73.924186 40.64856 232
-73.92521 40.648478 233
-73.926127 40.648437 234
-73.927133 40.648369 235
-73.928067 40.6483 236
-73.928983 40.648232 237
-73.928804 40.646371 238
-73.927887 40.646439 239
-73.926899 40.646494 240
-73.925893 40.646549 241
-73.924995 40.646631 242
-73.924007 40.646672 243
-73.923036 40.646744 244
-73.921186 40.646853 245
-73.92970136649569 40.646287334862265 246
-73.92929172351448 40.64709434846522 247
-73.92924744507373 40.647978196610815 248
-73.92909869983285 40.64901021590125 249
-73.92909743419641 40.64998644261375 250
-73.92919587677939 40.650737449554164 251
-73.92954678894213 40.65186254981119 252
-73.92902869849381 40.65235977434939 253
-73.92923290976184 40.653586284893045 254
-73.92899171442824 40.654408508136555 255
-73.9294114071749 40.655329228146115 256
-73.92942642960062 40.65608008694568 257
-73.92912222123192 40.65700527638165 258
-73.92921089920512 40.65794324780933 259
-73.92921534302099 40.6587660230448 260
-73.92929326444474 40.65981507801976 261
-73.92915385630894 40.66068607750389 262
-73.92925233758731 40.66133359166964 263
-73.92906462556422 40.66218215724425 264
-73.92910241669638 40.66327380430644 265
-73.92927740360192 40.66426146846847 266
-73.92780291526124 40.64642832633647 267
-73.92809221080577 40.64714435135135 268
-73.92827133522755 40.6482377430774 269
-73.9281589536727 40.648930448132944 270
-73.92813099698174 40.64992060314611 271
-73.92792855169193 40.650521606261655 272
-73.92827568914313 40.65174834760566 273
-73.92807356093618 40.652412268335674 274
-73.92778541736963 40.653555743866356 275
-73.92790213882 40.654208855085066 276
-73.92798491390212 40.65535897496518 277
-73.9279521537397 40.656276561524415 278
-73.92800246708862 40.65686727690888 279
-73.9280993894901 40.65785707638868 280
-73.92784490800355 40.6585994547823 281
-73.92793204340884 40.6597285609969 282
-73.92812586775857 40.660681203552095 283
-73.9280268861887 40.661504079531184 284
-73.9278410622339 40.66222243427192 285
-73.92809221080577 40.663360567567565 286
-73.92809221080577 40.66426146846847 287
-73.92703572167022 40.64633041577332 288
-73.9269549532272 40.6471549177554 289
-73.92693280537694 40.648247405246416 290
-73.92709703869156 40.64878760667552 291
-73.92699364725426 40.64996681681667 292
-73.92714032588799 40.65076471063229 293
-73.92668401972372 40.65167500260725 294
-73.92696107784856 40.65239989798489 295
-73.92690701800962 40.65345065765766 296
-73.92683935000512 40.65404953214388 297
-73.92665535551056 40.655483159278965 298
-73.92695342381393 40.656261126039794 299
-73.92695071467467 40.65692852116227 300
-73.92712857101756 40.658055738286045 301
-73.92691825331218 40.65889040571425 302
-73.92687899920924 40.65969615932719 303
-73.9266979247439 40.66077681043897 304
-73.92723172158833 40.66167912242073 305
-73.92689359734145 40.66237061856935 306
-73.92653452969299 40.66314759299916 307
-73.92690701800962 40.66426146846847 308
-73.92564507586897 40.64654771951432 309
-73.92572182521347 40.64714435135135 310
-73.92589114144486 40.648318194842545 311
-73.92611895135612 40.64879950055413 312
-73.92598423413995 40.64963437297429 313
-73.92547182959115 40.65065265979869 314
-73.92556642314817 40.65169360173758 315
-73.92573299760004 40.652441979000606 316
-73.92571063567503 40.653485526603156 317
-73.92609357158909 40.65408813606321 318
-73.92599963268378 40.655527171048846 319
-73.92591928985266 40.65591303502546 320
-73.92551161143406 40.657002812048795 321
-73.92555362107458 40.657826690523514 322
-73.92574268943888 40.65899220828381 323
-73.92580057945615 40.65965602572283 324
-73.92542885673987 40.660778385074934 325
-73.92557453366744 40.6612943326085 326
-73.92604294175287 40.66267726053535 327
-73.9257245262647 40.663214699770236 328
-73.92572182521347 40.66426146846847 329
-73.92460916974518 40.646144747219 330
-73.9245349445142 40.6470133519749 331
-73.92466470123647 40.64790733108792 332
-73.92432395012169 40.64917352688223 333
-73.9244761103981 40.64990521648015 334
-73.92444656423726 40.65087743085243 335
-73.92452714407399 40.651574246304165 336
-73.92446512242813 40.652537240650446 337
-73.92464777177506 40.65357049789621 338
-73.92468605950236 40.65422684155003 339
-73.9244058560609 40.65532188434157 340
-73.92419659054673 40.65636999340036 341
-73.92447096136178 40.656805889793134 342
-73.92465039642474 40.65803395114232 343
-73.9244545146877 40.659045487629065 344
-73.92474083433342 40.65938652869745 345
-73.9247297340685 40.66077691777439 346
-73.92433962458962 40.66140664312228 347
-73.92445634518126 40.66243693137346 348
-73.92465264986942 40.6635408378043 349
-73.92453663241731 40.66426146846847 350
-73.92317016561137 40.646136938237916 351
-73.92335143962117 40.64714435135135 352
-73.92326934774027 40.648100232327295 353
-73.923260230917 40.64863698023423 354
-73.92347340874743 40.64989790107466 355
-73.92364733870548 40.650678002856225 356
-73.92310565169376 40.65162798894461 357
-73.92340234193107 40.65257768108539 358
-73.92311294515238 40.65357812729074 359
-73.92352105271151 40.65439369609472 360
-73.92327930440332 40.65540671383502 361
-73.92364130089786 40.65619215159938 362
-73.92366668674221 40.65732807447315 363
-73.92320549849958 40.65772755857249 364
-73.92343914253998 40.65890661843194 365
-73.92341339106837 40.65956737297087 366
-73.92369158919377 40.66069907785578 367
-73.92342791232683 40.661552957246435 368
-73.9230597940407 40.66246027210829 369
-73.92337992336785 40.66331163573229 370
-73.92335143962117 40.66426146846847 371
-73.92213887902776 40.646102605962525 372
-73.9224093900754 40.64688588031831 373
-73.92216624682501 40.64804525225225 374
-73.9222845328287 40.648751663302654 375
-73.92233342858827 40.65002728679265 376
-73.92206142319313 40.65075353386209 377
-73.9218220375159 40.651469977912235 378
-73.92229176584271 40.652466645466085 379
-73.92227206097384 40.65337197227574 380
-73.92207964625541 40.654233058683104 381
-73.92215589770501 40.65503029609545 382
-73.92228383752384 40.65618642139112 383
-73.92210098872877 40.657130947592854 384
-73.9225266389485 40.657702381904556 385
-73.92191961562084 40.6589944088604 386
-73.92210834845679 40.65980071396596 387
-73.922199914184 40.66055201592852 388
-73.92228093698238 40.661805215620866 389
-73.92195215042167 40.66262178087121 390
-73.92226948330445 40.66315665395427 391
-73.92216624682501 40.66426146846847 392
-73.92098105402887 40.64624345045045 393
-73.92075002257612 40.6469301544411 394
-73.92098105402887 40.64804525225225 395
-73.92055332750499 40.64884516935133 396
-73.92055040642828 40.64976482625501 397
-73.9207740006732 40.65086946318693 398
-73.9206223988302 40.651431349967154 399
-73.92087624548971 40.652590721306986 400
-73.92076627193148 40.65346960287118 401
-73.9212459804424 40.654175618738826 402
-73.92094118949286 40.65518641506793 403
-73.92123492118232 40.65623172116199 404
-73.92121808323222 40.65703507055811 405
-73.92085366840064 40.65793820059281 406
-73.92086292196747 40.65868681874837 407
-73.92107372688693 40.659534088985644 408
-73.9209560251163 40.66065682816025 409
-73.92083274518747 40.661729846701384 410
-73.9211801764013 40.6622589918241 411
-73.92103006171388 40.66327547265455 412
-73.92098105402887 40.66426146846847 413
-73.91964429210147 40.64599067308199 414
-73.91992519676542 40.64718008462937 415
-73.92010559479203 40.648165495940155 416
-73.91999651568112 40.64890253359777 417
-73.91979586123271 40.64984705405405 418
-73.91969422181064 40.650527536905564 419
-73.91979586123271 40.65164885585585 420
-73.91983924919883 40.65275721146282 421
-73.91986108557306 40.653126060282645 422
-73.91952227473163 40.65456146716016 423
-73.92000027391518 40.655351215249176 424
-73.91980413371813 40.65599071615363 425
-73.91955750703238 40.65689245655837 426
-73.91999075637077 40.65817889001057 427
-73.91982575841547 40.65881224622275 428
-73.91992528137347 40.659672050388004 429
-73.91981985299985 40.66077124721107 430
-73.91987185317264 40.66151369386162 431
-73.91996553985666 40.662460410154104 432
-73.91979407678899 40.663450239809976 433
-73.91979586123271 40.66426146846847 434
-73.91886191380812 40.646373449468385 435
-73.91847662938429 40.64699174659852 436
-73.91870906359351 40.647993254286206 437
-73.91850301747637 40.648923752115 438
-73.91845229475229 40.650077191846144 439
-73.91836506725946 40.65076605603783 440
-73.91850095273335 40.65152966264143 441
-73.91861066843656 40.652549756756756 442
-73.91883857592627 40.653511093466896 443
-73.91833186946444 40.65420129615999 444
-73.91880679927401 40.65519030912162 445
-73.91855348351794 40.65626366925159 446
-73.91862356190997 40.65700594502569 447
-73.91834165031794 40.658047811251954 448
-73.918719090384 40.659009790969684 449
-73.9184693705733 40.65967280843937 450
-73.9187215752213 40.66068829331443 451
-73.91884511384674 40.66144038643342 452
-73.91853731477524 40.662576565334746 453
-73.91869560544197 40.66352241769579 454
-73.91861066843656 40.66426146846847 455
-73.91768225086811 40.64619621570099 456
-73.91761700417763 40.64735223549013 457
-73.91734515366399 40.64813636093955 458
-73.91739246615491 40.64881791456361 459
-73.91703388461194 40.650020921159076 460
-73.91765831158374 40.6507774657795 461
-73.91772260281712 40.651388129632345 462
-73.91717650137808 40.65253601336307 463
-73.91709562979605 40.653503547058875 464
-73.91735680180344 40.654457121326 465
-73.91727914426 40.6549979450065 466
-73.91772039784077 40.65637652063208 467
-73.91736159259001 40.65718675018748 468
-73.9172088535234 40.6580815985706 469
-73.91761473841012 40.65892561139851 470
-73.91736369466862 40.65992336126085 471
-73.91756840927341 40.660417208351525 472
-73.91745131831598 40.661361183583416 473
-73.91768111158135 40.66251998065864 474
-73.9178319467231 40.663455228456996 475
-73.91742547564041 40.66426146846847 476
-73.91624028284426 40.64624345045045 477
-73.91640331612386 40.64727657170696 478
-73.91618135968383 40.64811167641909 479
-73.91618610103833 40.64924634566199 480
-73.91637888147692 40.64963395321851 481
-73.91642931500613 40.65085920696966 482
-73.91633013287719 40.65179412397285 483
-73.91603396769642 40.652497726244576 484
-73.91630922025799 40.65352016347378 485
-73.91593436797328 40.654525939378345 486
-73.91635666998695 40.65520721682698 487
-73.9161668048934 40.65629662386362 488
-73.9161948339126 40.656928125201475 489
-73.91634202228622 40.657939783481574 490
-73.91602918879632 40.6588377294872 491
-73.91659243248692 40.65952745970627 492
-73.91621155391022 40.66061520353658 493
-73.91598463328643 40.661512552046645 494
-73.91634188148649 40.662462063308375 495
-73.9161774186848 40.663271218776394 496
-73.91624028284426 40.66426146846847 497
-73.91531410508264 40.64645928015686 498
-73.91505509004811 40.64714435135135 499
-73.91483564045173 40.648102820305496 500
-73.9152395262962 40.648804989216025 501
-73.91535049554868 40.649905018720965 502
-73.9151174559837 40.65083090963718 503
-73.91502418809046 40.65169875654121 504
-73.91508763825172 40.652612054742484 505
-73.91491737656703 40.653431261446016 506
-73.91540807282203 40.65428458527473 507
-73.91542059136188 40.655511856294055 508
-73.91489378200323 40.65615824945223 509
-73.91509848765291 40.65684502167768 510
-73.91504163766314 40.6579667724021 511
-73.91522221067758 40.65861069653735 512
-73.91498489444545 40.66000931191397 513
-73.91528159312166 40.66083589991554 514
-73.91536818763144 40.661561490687795 515
-73.91510022578275 40.6624131691352 516
-73.91503914791767 40.66331524006502 517
-73.91505509004811 40.66426146846847 518
-73.91394011837338 40.646262387005414 519
-73.91374876088184 40.64692498939638 520
-73.91422225031397 40.648004698378 521
-73.9138271410715 40.648800155923595 522
-73.91386989725196 40.64984705405405 523
-73.91383288760412 40.65071213704732 524
-73.91355215363923 40.651512057532976 525
-73.91384316806185 40.652399703261366 526
-73.91395252271678 40.65369309641648 527
-73.91397228635606 40.65424741171523 528
-73.91367597777275 40.655282116076 529
-73.91403502493628 40.65614604089049 530
-73.914027626619 40.65699253940649 531
-73.91362267329805 40.65793304293048 532
-73.91393503211036 40.65862793210068 533
-73.91395410559669 40.65985827735988 534
-73.91370845334302 40.660414455092976 535
-73.9136796690091 40.66167446257377 536
-73.91386989725196 40.66245966666666 537
-73.91416904468277 40.66341781214275 538
-73.91386989725196 40.66426146846847 539
-73.9127185851995 40.64628662158249 540
-73.9130377343482 40.646849066803476 541
-73.91268470445581 40.64804525225225 542
-73.91252023617255 40.6490481761667 543
-73.9124820891999 40.649672990930505 544
-73.91271747429822 40.65077719097845 545
-73.91294232328647 40.65161744960283 546
-73.91240362750045 40.65269025385236 547
-73.91284104612025 40.65337064692243 548
-73.91269204848699 40.65452164933099 549
-73.91273217257732 40.655222447775316 550
-73.91278810958025 40.65594522154291 551
-73.9123234444563 40.657205217777836 552
-73.9126461211823 40.65793895533546 553
-73.91284852536383 40.65877926925324 554
-73.9122805859241 40.65989506895499 555
-73.91265756527412 40.6605076745292 556
-73.91269135983647 40.661545304178546 557
-73.91244663079236 40.662271169392895 558
-73.91251526923308 40.66356331559559 559
-73.91268470445581 40.66426146846847 560
-73.91120935055639 40.646367727422486 561
-73.91148952737952 40.64703369421662 562
-73.91126657101537 40.647877072537256 563
-73.91149951165966 40.64894615315315 564
-73.91172037352334 40.649877552900655 565
-73.91115959675122 40.65060403944887 566
-73.91142297360327 40.651866603220896 567
-73.91172413939839 40.652558137296765 568
-73.91147481760912 40.65339574683717 569
-73.91167469750238 40.65427504143755 570
-73.91146710586179 40.65554249304117 571
-73.91131327209177 40.655748112964304 572
-73.91169743651753 40.65733941355288 573
-73.91165170897256 40.658096311973445 574
-73.91150351460283 40.65902333698133 575
-73.91114084777536 40.65984522429683 576
-73.91143170696499 40.66079769886301 577
-73.91149857711423 40.66126886870692 578
-73.91150199537557 40.66234642230068 579
-73.91150416394743 40.663409759786155 580
-73.91149951165966 40.66426146846847 581
-73.91037174595651 40.646096825231766 582
-73.9102429138263 40.64728357093935 583
-73.91051065877544 40.64802880262147 584
-73.91031431886351 40.64894615315315 585
-73.91031431886351 40.64984705405405 586
-73.91046279602448 40.650831863311495 587
-73.91042256266805 40.65173827828659 588
-73.91066070353455 40.65263303339338 589
-73.91040965881547 40.65349110088396 590
-73.91050712257727 40.6543672822976 591
-73.9102016682969 40.655275663205806 592
-73.91016572025514 40.655892210569434 593
-73.91038405762512 40.657190002945086 594
-73.91059324305012 40.65787102150184 595
-73.91038262817543 40.658723893659825 596
-73.91023211426099 40.65978571286115 597
-73.91051003906409 40.66077556431851 598
-73.91055594133877 40.661449247683336 599
-73.91034295532384 40.662512140983075 600
-73.91010078667594 40.66333360921004 601
-73.91031431886351 40.66426146846847 602
-73.90913998871984 40.64638273385758 603
-73.90903011679573 40.6474844670872 604
-73.9093215423811 40.64787785969392 605
-73.9093642151333 40.64876621317325 606
-73.90912912606736 40.64984705405405 607
-73.90904378056297 40.6508553922724 608
-73.90923611044808 40.6516887904291 609
-73.90878331452551 40.65228271648181 610
-73.90948390626815 40.65356915985184 611
-73.90915687619017 40.65448764439833 612
-73.90908955693017 40.65510463854321 613
-73.90904112992858 40.65602219705861 614
-73.90894925385656 40.657149234897645 615
-73.90903082609135 40.65788546407174 616
-73.90899920046215 40.65889660243569 617
-73.90890089114355 40.65950689895804 618
-73.90868782858016 40.66088565042087 619
-73.90867198746245 40.66142440642441 620
-73.90888633145444 40.66248881470713 621
-73.90905292917299 40.663236859422305 622
-73.90912912606736 40.66426146846847 623
-73.90806505372751 40.646471345167114 624
-73.9077061541113 40.647075112937195 625
-73.90794393327121 40.64804525225225 626
-73.90794393327121 40.64894615315315 627
-73.90789042366686 40.64978314616765 628
-73.90794393327121 40.65074795495495 629
-73.90794393327121 40.65164885585585 630
-73.90795142420889 40.65248362660121 631
-73.90819941414537 40.65342744674875 632
-73.90806087144816 40.65460504306721 633
-73.90763348661781 40.65496847395687 634
-73.90773976920794 40.656239200159625 635
-73.90764580811376 40.65691372533113 636
-73.90774545929162 40.657998371030324 637
-73.90797742784747 40.658883959854506 638
-73.90813914880876 40.65958125663632 639
-73.90836086792407 40.660791539700234 640
-73.90832360005497 40.6612108453636 641
-73.90801163758154 40.662622609493 642
-73.9080022868391 40.66308847125299 643
-73.90794393327121 40.66426146846847 644
-73.90681531811474 40.646078296702186 645
-73.90708481146154 40.64730168232026 646
-73.9066837578935 40.64790266868015 647
-73.90675874047506 40.64894615315315 648
-73.90675874047506 40.64984705405405 649
-73.90675874047506 40.65074795495495 650
-73.90652725842114 40.651750254954294 651
-73.90642486883459 40.65248680442356 652
-73.90673193483852 40.65341231124917 653
-73.90690705789447 40.65440617213974 654
-73.90702668561433 40.6551600923524 655
-73.90713663748194 40.65622411045721 656
-73.90685954190965 40.65689701368214 657
-73.9068044312125 40.65793704798683 658
-73.90673576666173 40.658831752582174 659
-73.90680188237235 40.65973688473615 660
-73.90652130541876 40.66041500768933 661
-73.90679477154845 40.66129175710034 662
-73.90695242434047 40.66272309374186 663
-73.90642520618994 40.662996924770965 664
-73.90675874047506 40.66426146846847 665
-73.90557354767891 40.64624345045045 666
-73.90557354767891 40.64714435135135 667
-73.90557354767891 40.64804525225225 668
-73.90557354767891 40.64894615315315 669
-73.90557354767891 40.64984705405405 670
-73.90557354767891 40.65074795495495 671
-73.90585455338046 40.65154426130195 672
-73.90557354767891 40.652549756756756 673
-73.90557354767891 40.65345065765766 674
-73.90557354767891 40.65435155855856 675
-73.90557354767891 40.655252459459454 676
-73.90557354767891 40.656153360360356 677
-73.90557354767891 40.65705426126126 678
-73.9059583944737 40.65810012566863 679
-73.90557354767891 40.65885606306306 680
-73.90557354767891 40.659756963963964 681
-73.90557354767891 40.66065786486486 682
-73.90557354767891 40.66155876576576 683
-73.90557354767891 40.66245966666666 684
-73.90594567881614 40.66308211342422 685
-73.90557354767891 40.66426146846847 686
-73.92711411155973 40.64798337436334 687
-73.9264370131296 40.66148205810669 688
-73.91153478242933 40.64835012417955 689
-73.91404632161718 40.65584774636735 690
-73.90930050054332 40.66185489712621 691
-73.91913562468422 40.66126421401754 692
-73.91950616849117 40.65171567348584 693
-73.9262189711454 40.652694558319524 694
-73.90828784549767 40.65597067754374 695
-73.92443185682377 40.65745097117254 696
