1   8   4   7   9   11  3   5   10  6   2   12 
2   5   10  11  3   12  7   9   4   6   8   1  
3   9   4   5   6   12  7   11  8   2   1   10 
4   8   9   7   3   1   11  6   5   12  10  2  
5   2   11  3   7   12  10  9   4   6   8   1  
6   9   3   4   12  8   7   5   11  1   2   10 
7   11  4   1   8   5   10  3   9   2   6   12 
8   4   1   9   7   3   11  6   5   10  12  2  
9   4   6   3   8   1   7   11  5   12  2   10 
10  2   11  7   5   4   3   1   8   12  9   6  
11  7   5   10  2   4   3   1   8   9   12  6  
12  3   2   5   6   9   4   11  7   8   10  1  
