-7.393068599999999435e+01 4.066360199999999736e+01
-7.392984099999999614e+01 4.066394400000000076e+01
-7.392459499999999650e+01 4.066384800000000155e+01
-7.392195399999999950e+01 4.066273999999999944e+01
-7.392105599999999299e+01 4.066328699999999685e+01
-7.392098400000000424e+01 4.066394400000000076e+01
-7.392008599999999774e+01 4.066406700000000285e+01
-7.391963599999999701e+01 4.066254800000000103e+01
-7.391873800000000472e+01 4.066269900000000348e+01
-7.391778600000000665e+01 4.066283500000000117e+01
-7.391683399999999438e+01 4.066298599999999652e+01
-7.391589899999999602e+01 4.066310899999999862e+01
-7.391491100000000358e+01 4.066324600000000089e+01
-7.391401299999999708e+01 4.066339599999999876e+01
-7.391306099999999901e+01 4.066351900000000086e+01
-7.391212699999999813e+01 4.066368400000000349e+01
-7.391117400000000259e+01 4.066380699999999848e+01
-7.391025799999999890e+01 4.066394400000000076e+01
-7.390932399999999802e+01 4.066407999999999845e+01
-7.392901500000000681e+01 4.066091999999999729e+01
-7.392827800000000593e+01 4.066141199999999856e+01
-7.392754100000000506e+01 4.066187800000000152e+01
-7.392684099999999603e+01 4.066237000000000279e+01
-7.392614000000000374e+01 4.066280799999999829e+01
-7.392545699999999442e+01 4.066328299999999984e+01
-7.393011099999999658e+01 4.065837199999999996e+01
-7.392914000000000385e+01 4.065841300000000302e+01
-7.392818800000000579e+01 4.065848100000000187e+01
-7.392719999999999914e+01 4.065854900000000072e+01
-7.392641000000000417e+01 4.065860399999999686e+01
-7.392820600000000297e+01 4.066019099999999753e+01
-7.392721799999999632e+01 4.065930199999999672e+01
-7.392648099999999545e+01 4.065982199999999835e+01
-7.392576300000000344e+01 4.066028699999999674e+01
-7.392504399999999976e+01 4.066073899999999952e+01
-7.392436100000000465e+01 4.066120399999999790e+01
-7.392360700000000406e+01 4.066168299999999647e+01
-7.392274500000000614e+01 4.066224400000000117e+01
-7.392991299999999910e+01 4.065666099999999972e+01
-7.392899699999999541e+01 4.065675699999999892e+01
-7.392799100000000578e+01 4.065681200000000217e+01
-7.392701999999999884e+01 4.065686600000000084e+01
-7.392610399999999515e+01 4.065694899999999734e+01
-7.392498999999999398e+01 4.065705799999999925e+01
-7.392543899999999724e+01 4.065768700000000280e+01
-7.392464900000000227e+01 4.065820699999999732e+01
-7.392394799999999577e+01 4.065865900000000011e+01
-7.392323000000000377e+01 4.065910999999999831e+01
-7.392249300000000289e+01 4.065958899999999687e+01
-7.392180999999999358e+01 4.066005499999999984e+01
-7.392092999999999847e+01 4.066061599999999743e+01
-7.392012099999999464e+01 4.066112199999999888e+01
-7.391922300000000234e+01 4.066164200000000051e+01
-7.391848699999999894e+01 4.066112199999999888e+01
-7.391735500000000059e+01 4.066128599999999693e+01
-7.391645599999999661e+01 4.066145000000000209e+01
-7.391548600000000135e+01 4.066160099999999744e+01
-7.391453400000000329e+01 4.066169599999999917e+01
-7.391361799999999960e+01 4.066184700000000163e+01
-7.391266600000000153e+01 4.066201099999999968e+01
-7.391173100000000318e+01 4.066214800000000196e+01
-7.391077900000000511e+01 4.066228499999999713e+01
-7.390986300000000142e+01 4.066242199999999940e+01
-7.390894699999999773e+01 4.066258599999999745e+01
-7.392980500000000177e+01 4.065540200000000226e+01
-7.392883500000000652e+01 4.065545699999999840e+01
-7.392784699999999987e+01 4.065551200000000165e+01
-7.392691299999999899e+01 4.065559400000000068e+01
-7.392596000000000345e+01 4.065563499999999664e+01
-7.392502600000000257e+01 4.065570300000000259e+01
-7.392403799999999592e+01 4.065581300000000198e+01
-7.392398400000000436e+01 4.065640100000000245e+01
-7.392357099999999548e+01 4.065605899999999906e+01
-7.392314000000000362e+01 4.065564899999999682e+01
-7.392283399999999460e+01 4.065657900000000069e+01
-7.392213399999999979e+01 4.065703100000000347e+01
-7.392143299999999329e+01 4.065751000000000204e+01
-7.392071400000000381e+01 4.065793399999999735e+01
-7.391994200000000603e+01 4.065839900000000284e+01
-7.391909699999999361e+01 4.065896000000000043e+01
-7.391830699999999865e+01 4.065952099999999803e+01
-7.392044500000000085e+01 4.065885000000000105e+01
-7.392008599999999774e+01 4.065984900000000124e+01
-7.391719299999999748e+01 4.065986300000000142e+01
-7.391604300000000194e+01 4.065990399999999738e+01
-7.391507300000000669e+01 4.066006800000000254e+01
-7.391415700000000299e+01 4.066020499999999771e+01
-7.391320500000000493e+01 4.066032799999999980e+01
-7.391228800000000376e+01 4.066047900000000226e+01
-7.391133600000000570e+01 4.066061599999999743e+01
-7.391038399999999342e+01 4.066075200000000223e+01
-7.390950399999999831e+01 4.066088899999999740e+01
-7.390853300000000559e+01 4.066102599999999967e+01
-7.390758099999999331e+01 4.066114900000000176e+01
-7.392961200000000588e+01 4.065385599999999755e+01
-7.392865999999999360e+01 4.065392500000000098e+01
-7.392770799999999554e+01 4.065399299999999982e+01
-7.392673800000000028e+01 4.065403400000000289e+01
-7.392576699999999335e+01 4.065408899999999903e+01
-7.392483300000000668e+01 4.065417099999999806e+01
-7.392384500000000003e+01 4.065422600000000131e+01
-7.392287500000000477e+01 4.065427999999999997e+01
-7.392195900000000108e+01 4.065445799999999821e+01
-7.392163499999999487e+01 4.065556699999999779e+01
-7.392134799999999473e+01 4.065637399999999957e+01
-7.392096999999999696e+01 4.065493699999999677e+01
-7.392027000000000214e+01 4.065537499999999937e+01
-7.391956899999999564e+01 4.065583999999999776e+01
-7.391883199999999476e+01 4.065627800000000036e+01
-7.391813199999999995e+01 4.065675699999999892e+01
-7.391723299999999597e+01 4.065733199999999670e+01
-7.391642500000000382e+01 4.065787900000000121e+01
-7.391552699999999732e+01 4.065839900000000284e+01
-7.391466400000000192e+01 4.065850799999999765e+01
-7.391373000000000104e+01 4.065865900000000011e+01
-7.391279600000000016e+01 4.065878200000000220e+01
-7.391187999999999647e+01 4.065893299999999755e+01
-7.391092700000000093e+01 4.065906900000000235e+01
-7.390997500000000286e+01 4.065921999999999770e+01
-7.390909499999999355e+01 4.065937000000000268e+01
-7.390812499999999829e+01 4.065949400000000225e+01
-7.390718999999999994e+01 4.065964400000000012e+01
-7.392937899999999729e+01 4.065194000000000329e+01
-7.392847999999999331e+01 4.065218699999999785e+01
-7.392750999999999806e+01 4.065233700000000283e+01
-7.392652200000000562e+01 4.065239199999999897e+01
-7.392560600000000193e+01 4.065244700000000222e+01
-7.392463499999999499e+01 4.065249099999999771e+01
-7.392366499999999974e+01 4.065255599999999703e+01
-7.392273099999999886e+01 4.065247399999999800e+01
-7.392177900000000079e+01 4.065250100000000089e+01
-7.392075499999999977e+01 4.065256999999999721e+01
-7.392086299999999710e+01 4.065363700000000335e+01
-7.391996399999999312e+01 4.065278899999999851e+01
-7.391917399999999816e+01 4.065330900000000014e+01
-7.391845499999999447e+01 4.065377399999999852e+01
-7.392039499999999919e+01 4.065438999999999936e+01
-7.391910199999999520e+01 4.065437599999999918e+01
-7.391777199999999937e+01 4.065425299999999709e+01
-7.391703599999999597e+01 4.065469099999999969e+01
-7.391660500000000411e+01 4.065429400000000015e+01
-7.391633500000000367e+01 4.065515599999999807e+01
-7.391543699999999717e+01 4.065571700000000277e+01
-7.391466400000000192e+01 4.065622299999999711e+01
-7.391453900000000488e+01 4.065748200000000168e+01
-7.391396400000000710e+01 4.065700300000000311e+01
-7.391326300000000060e+01 4.065638799999999975e+01
-7.391331700000000637e+01 4.065711300000000250e+01
-7.391241899999999987e+01 4.065724999999999767e+01
-7.391150199999999870e+01 4.065741400000000283e+01
-7.391053200000000345e+01 4.065755099999999800e+01
-7.390959800000000257e+01 4.065768700000000280e+01
-7.390866400000000169e+01 4.065782399999999797e+01
-7.390772900000000334e+01 4.065794700000000006e+01
-7.390731599999999446e+01 4.065629200000000054e+01
-7.390824999999999534e+01 4.065614099999999809e+01
-7.390914899999999932e+01 4.065603200000000328e+01
-7.391011899999999457e+01 4.065586799999999812e+01
-7.391107100000000685e+01 4.065575799999999873e+01
-7.391200499999999352e+01 4.065562099999999646e+01
-7.391532899999999984e+01 4.065422600000000131e+01
-7.391385599999999556e+01 4.065418499999999824e+01
-7.391231100000000254e+01 4.065413000000000210e+01
-7.391078400000000670e+01 4.065418499999999824e+01
-7.390974199999999428e+01 4.065433500000000322e+01
-7.390875300000000436e+01 4.065448599999999857e+01
-7.390785499999999786e+01 4.065460900000000066e+01
-7.390690299999999979e+01 4.065474600000000294e+01
-7.390658000000000527e+01 4.065336400000000339e+01
-7.390738799999999742e+01 4.065284400000000176e+01
-7.390841199999999844e+01 4.065220000000000056e+01
-7.391013700000000597e+01 4.065350399999999809e+01
-7.390938199999999370e+01 4.065287099999999754e+01
-7.391101700000000108e+01 4.065295299999999656e+01
-7.391180799999999351e+01 4.065243300000000204e+01
-7.391268800000000283e+01 4.065185799999999716e+01
-7.391448499999999910e+01 4.065348699999999837e+01
-7.391520300000000532e+01 4.065303500000000270e+01
-7.391592199999999480e+01 4.065255599999999703e+01
-7.391665899999999567e+01 4.065211800000000153e+01
-7.391734099999999330e+01 4.065165300000000315e+01
-7.391813199999999995e+01 4.065115999999999730e+01
-7.391890399999999772e+01 4.065068099999999873e+01
-7.391964099999999860e+01 4.065018899999999746e+01
-7.392046700000000214e+01 4.064968300000000312e+01
-7.392037799999999947e+01 4.064861499999999950e+01
-7.392019799999999918e+01 4.064704100000000153e+01
-7.391922800000000393e+01 4.064762999999999948e+01
-7.391849100000000305e+01 4.064810899999999805e+01
-7.391780799999999374e+01 4.064857400000000354e+01
-7.391707200000000455e+01 4.064905300000000210e+01
-7.391631700000000649e+01 4.064952199999999749e+01
-7.391556300000000590e+01 4.065003800000000211e+01
-7.391482600000000502e+01 4.065048999999999779e+01
-7.391412499999999852e+01 4.065094100000000310e+01
-7.391340700000000652e+01 4.065143400000000184e+01
-7.390945399999999665e+01 4.065151600000000087e+01
-7.391024500000000330e+01 4.065100999999999942e+01
-7.391108900000000403e+01 4.065044900000000183e+01
-7.391180799999999351e+01 4.064999699999999905e+01
-7.391252599999999973e+01 4.064951800000000048e+01
-7.391326300000000060e+01 4.064907999999999788e+01
-7.391396400000000710e+01 4.064858799999999661e+01
-7.391471799999999348e+01 4.064809499999999787e+01
-7.391549100000000294e+01 4.064760199999999912e+01
-7.391622700000000634e+01 4.064715100000000092e+01
-7.391692799999999863e+01 4.064668600000000254e+01
-7.391863499999999476e+01 4.064709599999999767e+01
-7.391270600000000002e+01 4.064664400000000199e+01
-7.391175400000000195e+01 4.064724700000000013e+01
-7.391065799999999797e+01 4.064787599999999657e+01
-7.391001099999999724e+01 4.064836900000000242e+01
-7.390929199999999355e+01 4.064880699999999791e+01
-7.390841199999999844e+01 4.064938099999999821e+01
-7.390760400000000629e+01 4.064990099999999984e+01
-7.390819600000000378e+01 4.064671299999999832e+01
-7.390747799999999756e+01 4.064717799999999670e+01
-7.390658000000000527e+01 4.064772599999999869e+01
-7.392919899999999700e+01 4.065016099999999710e+01
-7.392828299999999331e+01 4.065024400000000071e+01
-7.392731200000000058e+01 4.065028499999999667e+01
-7.392632399999999393e+01 4.065036700000000280e+01
-7.392538999999999305e+01 4.065043500000000165e+01
-7.392440200000000061e+01 4.065047599999999761e+01
-7.392343200000000536e+01 4.065055799999999664e+01
-7.392251500000000419e+01 4.065058599999999700e+01
-7.392158100000000331e+01 4.065065400000000295e+01
-7.392059299999999666e+01 4.065070899999999909e+01
-7.392140200000000050e+01 4.064872499999999889e+01
-7.392230000000000700e+01 4.064868400000000292e+01
-7.392323399999999367e+01 4.064861499999999950e+01
-7.392418600000000595e+01 4.064856000000000336e+01
-7.392521000000000697e+01 4.064847799999999722e+01
-7.392612699999999393e+01 4.064843700000000126e+01
-7.392713299999999776e+01 4.064836900000000242e+01
-7.392806699999999864e+01 4.064829999999999899e+01
-7.392898300000000233e+01 4.064823200000000014e+01
-7.392880399999999952e+01 4.064637100000000203e+01
-7.392788699999999835e+01 4.064643900000000087e+01
-7.392689900000000591e+01 4.064649399999999702e+01
-7.392589300000000208e+01 4.064654900000000026e+01
-7.392499499999999557e+01 4.064663099999999929e+01
-7.392400700000000313e+01 4.064667200000000236e+01
-7.392303599999999619e+01 4.064674399999999821e+01
-7.392118600000000583e+01 4.064685300000000012e+01
-7.392974227457682446e+01 4.064623269285630158e+01
-7.392943823274738691e+01 4.064710993736198219e+01
-7.392922650695800257e+01 4.064899535573407263e+01
-7.392922627821180015e+01 4.065041517194448772e+01
-7.392953965525309457e+01 4.065192444556765139e+01
-7.392957804443359748e+01 4.065382704144705173e+01
-7.392963836739674832e+01 4.065518900561953330e+01
-7.392931982070922459e+01 4.065669086406926880e+01
-7.392932759643555585e+01 4.065847751904630769e+01
-7.392933875617531214e+01 4.065986009937506651e+01
-7.392939023457030601e+01 4.066112522449419231e+01
-7.392924235107422248e+01 4.066288841396997356e+01
-7.392986999999999398e+01 4.066451787359533654e+01
-7.392641434207848761e+01 4.064627568575032512e+01
-7.392681341847951160e+01 4.064712097598926732e+01
-7.392651988725823742e+01 4.064875375717655714e+01
-7.392630694436834915e+01 4.065038124665484531e+01
-7.392637697431524657e+01 4.065221159108133975e+01
-7.392628124679671942e+01 4.065400206242567549e+01
-7.392625963603403250e+01 4.065551751976787642e+01
-7.392659714703589202e+01 4.065667245120584283e+01
-7.392623435882410377e+01 4.065815526693265269e+01
-7.392610053277775251e+01 4.065971378390439384e+01
-7.392590269074833031e+01 4.066122678149100977e+01
-7.392636599638925077e+01 4.066282957886731708e+01
-7.392606578539395912e+01 4.066400829754610413e+01
-7.392261974868505092e+01 4.064592839583333017e+01
-7.392255753917491745e+01 4.064693814401370275e+01
-7.392259211006127373e+01 4.064868144337092559e+01
-7.392307648382085006e+01 4.065050979304692191e+01
-7.392277190186335645e+01 4.065242613170779151e+01
-7.392254289516408505e+01 4.065385551752444826e+01
-7.392256136176790449e+01 4.065519973592744662e+01
-7.392269099337735838e+01 4.065664216887347493e+01
-7.392275451853586787e+01 4.065797848960801275e+01
-7.392259786690460999e+01 4.065963633180498249e+01
-7.392264252654607048e+01 4.066174118355652212e+01
-7.392232862770431723e+01 4.066276394812874884e+01
-7.392291964377952240e+01 4.066413378420978120e+01
-7.391951599613589963e+01 4.064592784886169596e+01
-7.391961060445862586e+01 4.064736294695422458e+01
-7.391919183546991690e+01 4.064894691569121932e+01
-7.391884322449313061e+01 4.065042770160603425e+01
-7.391922090292504777e+01 4.065212298925868595e+01
-7.391922776279015750e+01 4.065329712473403134e+01
-7.391941963392798698e+01 4.065523930233229777e+01
-7.391905253617777305e+01 4.065649264473704250e+01
-7.391957556437719745e+01 4.065852442909042708e+01
-7.391915267793747546e+01 4.065985996636681676e+01
-7.391939844342132915e+01 4.066139352815850572e+01
-7.391943417515997794e+01 4.066304796770862140e+01
-7.391921440208028571e+01 4.066399303875704163e+01
-7.391564768644619221e+01 4.064579299999999762e+01
-7.391559102397715719e+01 4.064757481160035724e+01
-7.391582634691097553e+01 4.064908231543008554e+01
-7.391549360165242888e+01 4.065021282711332162e+01
-7.391591413964292201e+01 4.065238815433318820e+01
-7.391550783835960203e+01 4.065373422214371857e+01
-7.391580427257004260e+01 4.065536686640498232e+01
-7.391519799350810160e+01 4.065653156378090216e+01
-7.391581051209679742e+01 4.065836289902910039e+01
-7.391564931243800629e+01 4.066005554651144394e+01
-7.391553012679786150e+01 4.066149731544637547e+01
-7.391558547714950578e+01 4.066303781656977634e+01
-7.391564768644619221e+01 4.066451787359533654e+01
-7.391258378946297114e+01 4.064612547815755050e+01
-7.391165335133065639e+01 4.064703204196208475e+01
-7.391239028580513093e+01 4.064928646763536335e+01
-7.391168360119912961e+01 4.065038889291887614e+01
-7.391205837849291527e+01 4.065231195185680946e+01
-7.391208023744668765e+01 4.065402927686838552e+01
-7.391254026789023612e+01 4.065493424324847638e+01
-7.391207987670155433e+01 4.065724244277051014e+01
-7.391210920765389858e+01 4.065832461326424863e+01
-7.391161125583346347e+01 4.065991547347782387e+01
-7.391162786720424549e+01 4.066120953522181480e+01
-7.391186960412747453e+01 4.066299423270515945e+01
-7.391199393000542273e+01 4.066411471072345307e+01
-7.390860710146181134e+01 4.064615488700358270e+01
-7.390838295432452298e+01 4.064712744573644443e+01
-7.390853652966927712e+01 4.064891381226588862e+01
-7.390874748236393543e+01 4.065071852399434249e+01
-7.390875542959646793e+01 4.065210245914880716e+01
-7.390892880759787431e+01 4.065391350791840352e+01
-7.390849373050164672e+01 4.065473994434857730e+01
-7.390858850786899836e+01 4.065625049705625571e+01
-7.390789037725113531e+01 4.065819661003172314e+01
-7.390818486097538198e+01 4.065955149116236100e+01
-7.390856653633872497e+01 4.066125324285620479e+01
-7.390886136390697914e+01 4.066260488836782372e+01
-7.390883140570377918e+01 4.066411661807208588e+01
-7.392783686511123165e+01 4.064650060261394060e+01
-7.392815666321602919e+01 4.064827655706405096e+01
-7.392821688759552501e+01 4.064982304285890535e+01
-7.392747417535962029e+01 4.065116490155422468e+01
-7.392793024106114785e+01 4.065249829198512543e+01
-7.392818372769446000e+01 4.065426202213966889e+01
-7.392809689399864226e+01 4.065595025518440764e+01
-7.392822896487625428e+01 4.065718745194242700e+01
-7.392766135861738519e+01 4.065926384445425867e+01
-7.392820061721315028e+01 4.066081789826365878e+01
-7.392788213293718513e+01 4.066188396557072338e+01
-7.392734970436818287e+01 4.066372363884210017e+01
-7.392485918807055612e+01 4.064654109243089408e+01
-7.392448416740684536e+01 4.064800654629070920e+01
-7.392437244437012112e+01 4.064961273820659216e+01
-7.392450304834092378e+01 4.065093100077875476e+01
-7.392445416663990443e+01 4.065254425166343566e+01
-7.392443306971915717e+01 4.065432704519642471e+01
-7.392413487801589156e+01 4.065635574812333886e+01
-7.392470691329674537e+01 4.065720252847940941e+01
-7.392456774285312804e+01 4.065915792221122160e+01
-7.392491448781596830e+01 4.066090537706407559e+01
-7.392447682048930346e+01 4.066235319934184389e+01
-7.392490541632467682e+01 4.066345212426235634e+01
-7.392057405755132038e+01 4.064679576329980648e+01
-7.392033859857293976e+01 4.064841819653943844e+01
-7.392054043073734704e+01 4.064969925896220815e+01
-7.392084462554711877e+01 4.065119282792881705e+01
-7.392067286840236306e+01 4.065278214415246083e+01
-7.392119304633615684e+01 4.065424488079172960e+01
-7.392097666490427343e+01 4.065617811657060088e+01
-7.392104701642801956e+01 4.065758718768259428e+01
-7.392085444068403888e+01 4.065894946667669529e+01
-7.392069975064225673e+01 4.066077462492332728e+01
-7.392095132671535396e+01 4.066211995897692333e+01
-7.392093778635255319e+01 4.066334758943126104e+01
-7.391781431876088959e+01 4.064639075145313285e+01
-7.391750396113825161e+01 4.064843610261915785e+01
-7.391666569379012230e+01 4.064974714197740013e+01
-7.391790879262470071e+01 4.065120561544470235e+01
-7.391706069331598883e+01 4.065302486044537034e+01
-7.391735339974036378e+01 4.065453054131058508e+01
-7.391757443233689173e+01 4.065577780163336996e+01
-7.391727273558366562e+01 4.065744290282798801e+01
-7.391735369498476871e+01 4.065930578228597625e+01
-7.391744241922970104e+01 4.066023462022919688e+01
-7.391721614211451197e+01 4.066241781005821565e+01
-7.391790596063208341e+01 4.066356572015594395e+01
-7.391332114577950563e+01 4.064650732055356031e+01
-7.391451256243561829e+01 4.064817638937876865e+01
-7.391386989725195633e+01 4.064969401533235782e+01
-7.391361825534077923e+01 4.065106656266264196e+01
-7.391403342279932076e+01 4.065249108330337435e+01
-7.391335622079476764e+01 4.065455781085977094e+01
-7.391393977940930426e+01 4.065608321211765031e+01
-7.391410024715212046e+01 4.065713650001628565e+01
-7.391404374659754239e+01 4.065884880375060106e+01
-7.391382694526269859e+01 4.066035318257263498e+01
-7.391374475629221763e+01 4.066173522135395046e+01
-7.391415996946152234e+01 4.066344369808315662e+01
-7.391013084904719221e+01 4.064636708354793626e+01
-7.391026147904973698e+01 4.064798644216710244e+01
-7.391082656250793548e+01 4.064964749899918672e+01
-7.391032809651869684e+01 4.065123894545686767e+01
-7.391070033691512720e+01 4.065297584283597843e+01
-7.391030786325583790e+01 4.065432950346235685e+01
-7.391015780228342180e+01 4.065584989599047105e+01
-7.391055752908526699e+01 4.065775724385831325e+01
-7.391065787121075914e+01 4.065897418332548341e+01
-7.391067385660883815e+01 4.066068862655139782e+01
-7.391038246934766676e+01 4.066239055989537121e+01
-7.390997485007302714e+01 4.066342660443262957e+01
-7.390708585207083559e+01 4.064642915272542467e+01
-7.390672430544398708e+01 4.064786542390822177e+01
-7.390729782726877772e+01 4.064970662680680391e+01
-7.390639669197476280e+01 4.065151524742202582e+01
-7.390670962360141516e+01 4.065293866596773853e+01
-7.390697274213175660e+01 4.065467670783803555e+01
-7.390722024817441138e+01 4.065615518103560078e+01
-7.390736405935756181e+01 4.065750819095265456e+01
-7.390683929621182813e+01 4.065922202768989280e+01
-7.390679257654323919e+01 4.066106128621184013e+01
-7.390688451844766860e+01 4.066263098640389728e+01
-7.390634411870047416e+01 4.066314456779717545e+01
-7.392542056152393570e+01 4.066211941526240992e+01
-7.390816557258098385e+01 4.065610995644370007e+01
-7.391982320695119313e+01 4.065247871864482931e+01
-7.392394779533161397e+01 4.065758030130066203e+01
-7.391323935777947440e+01 4.065523982715001239e+01
-7.392622315425882107e+01 4.064902842112284276e+01
-7.392036072701574767e+01 4.066144188939812665e+01
-7.392774165690072152e+01 4.066036845416215328e+01
-7.392699583518495388e+01 4.065410237654150905e+01
-7.390909215990006942e+01 4.066186889723911690e+01
-7.391598548898680576e+01 4.066019260247940537e+01
-7.391263818886241665e+01 4.064832934109985274e+01
