245
175
12
-73.930686 40.663602 1
-73.929841 40.663944 2
-73.924595 40.663848 3
-73.921954 40.66274 4
-73.921056 40.663287 5
-73.920984 40.663944 6
-73.920086 40.664067 7
-73.919636 40.662548 8
-73.918738 40.662699 9
-73.917786 40.662835 10
-73.916834 40.662986 11
-73.915899 40.663109 12
-73.914911 40.663246 13
-73.914013 40.663396 14
-73.913061 40.663519 15
-73.912127 40.663684 16
-73.911174 40.663807 17
-73.910258 40.663944 18
-73.909324 40.66408 19
-73.929015 40.66092 20
-73.928278 40.661412 21
-73.927541 40.661878 22
-73.926841 40.66237 23
-73.92614 40.662808 24
-73.925457 40.663283 25
-73.930111 40.658372 26
-73.92914 40.658413 27
-73.928188 40.658481 28
-73.9272 40.658549 29
-73.92641 40.658604 30
-73.928206 40.660191 31
-73.927218 40.659302 32
-73.926481 40.659822 33
-73.925763 40.660287 34
-73.925044 40.660739 35
-73.924361 40.661204 36
-73.923607 40.661683 37
-73.922745 40.662244 38
-73.929913 40.656661 39
-73.928997 40.656757 40
-73.927991 40.656812 41
-73.92702 40.656866 42
-73.926104 40.656949 43
-73.92499 40.657058 44
-73.925439 40.657687 45
-73.924649 40.658207 46
-73.923948 40.658659 47
-73.92323 40.65911 48
-73.922493 40.659589 49
-73.92181 40.660055 50
-73.92093 40.660616 51
-73.920121 40.661122 52
-73.919223 40.661642 53
-73.918487 40.661122 54
-73.917355 40.661286 55
-73.916456 40.66145 56
-73.915486 40.661601 57
-73.914534 40.661696 58
-73.913618 40.661847 59
-73.912666 40.662011 60
-73.911731 40.662148 61
-73.910779 40.662285 62
-73.909863 40.662422 63
-73.908947 40.662586 64
-73.929805 40.655402 65
-73.928835 40.655457 66
-73.927847 40.655512 67
-73.926913 40.655594 68
-73.92596 40.655635 69
-73.925026 40.655703 70
-73.924038 40.655813 71
-73.923984 40.656401 72
-73.923571 40.656059 73
-73.92314 40.655649 74
-73.922834 40.656579 75
-73.922134 40.657031 76
-73.921433 40.65751 77
-73.920714 40.657934 78
-73.919942 40.658399 79
-73.919097 40.65896 80
-73.918307 40.659521 81
-73.920445 40.65885 82
-73.920086 40.659849 83
-73.917193 40.659863 84
-73.916043 40.659904 85
-73.915073 40.660068 86
-73.914157 40.660205 87
-73.913205 40.660328 88
-73.912288 40.660479 89
-73.911336 40.660616 90
-73.910384 40.660752 91
-73.909504 40.660889 92
-73.908533 40.661026 93
-73.907581 40.661149 94
-73.929612 40.653856 95
-73.92866 40.653925 96
-73.927708 40.653993 97
-73.926738 40.654034 98
-73.925767 40.654089 99
-73.924833 40.654171 100
-73.923845 40.654226 101
-73.922875 40.65428 102
-73.921959 40.654458 103
-73.921635 40.655567 104
-73.921348 40.656374 105
-73.92097 40.654937 106
-73.92027 40.655375 107
-73.919569 40.65584 108
-73.918832 40.656278 109
-73.918132 40.656757 110
-73.917233 40.657332 111
-73.916425 40.657879 112
-73.915527 40.658399 113
-73.914664 40.658508 114
-73.91373 40.658659 115
-73.912796 40.658782 116
-73.91188 40.658933 117
-73.910927 40.659069 118
-73.909975 40.65922 119
-73.909095 40.65937 120
-73.908125 40.659494 121
-73.90719 40.659644 122
-73.929379 40.65194 123
-73.92848 40.652187 124
-73.92751 40.652337 125
-73.926522 40.652392 126
-73.925606 40.652447 127
-73.924635 40.652491 128
-73.923665 40.652556 129
-73.922731 40.652474 130
-73.921779 40.652501 131
-73.920755 40.65257 132
-73.920863 40.653637 133
-73.919964 40.652789 134
-73.919174 40.653309 135
-73.918455 40.653774 136
-73.920395 40.65439 137
-73.919102 40.654376 138
-73.917772 40.654253 139
-73.917036 40.654691 140
-73.916605 40.654294 141
-73.916335 40.655156 142
-73.915437 40.655717 143
-73.914664 40.656223 144
-73.914539 40.657482 145
-73.913964 40.657003 146
-73.913263 40.656388 147
-73.913317 40.657113 148
-73.912419 40.65725 149
-73.911502 40.657414 150
-73.910532 40.657551 151
-73.909598 40.657687 152
-73.908664 40.657824 153
-73.907729 40.657947 154
-73.907316 40.656292 155
-73.90825 40.656141 156
-73.909149 40.656032 157
-73.910119 40.655868 158
-73.911071 40.655758 159
-73.912005 40.655621 160
-73.915329 40.654226 161
-73.913856 40.654185 162
-73.912311 40.65413 163
-73.910784 40.654185 164
-73.909742 40.654335 165
-73.908753 40.654486 166
-73.907855 40.654609 167
-73.906903 40.654746 168
-73.90658 40.653364 169
-73.907388 40.652844 170
-73.908412 40.6522 171
-73.910137 40.653504 172
-73.909382 40.652871 173
-73.911017 40.652953 174
-73.911808 40.652433 175
-73.912688 40.651858 176
-73.914485 40.653487 177
-73.915203 40.653035 178
-73.915922 40.652556 179
-73.916659 40.652118 180
-73.917341 40.651653 181
-73.918132 40.65116 182
-73.918904 40.650681 183
-73.919641 40.650189 184
-73.920467 40.649683 185
-73.920378 40.648615 186
-73.920198 40.647041 187
-73.919228 40.64763 188
-73.918491 40.648109 189
-73.917808 40.648574 190
-73.917072 40.649053 191
-73.916317 40.649522 192
-73.915563 40.650038 193
-73.914826 40.65049 194
-73.914125 40.650941 195
-73.913407 40.651434 196
-73.909454 40.651516 197
-73.910245 40.65101 198
-73.911089 40.650449 199
-73.911808 40.649997 200
-73.912526 40.649518 201
-73.913263 40.64908 202
-73.913964 40.648588 203
-73.914718 40.648095 204
-73.915491 40.647602 205
-73.916227 40.647151 206
-73.916928 40.646686 207
-73.918635 40.647096 208
-73.912706 40.646644 209
-73.911754 40.647247 210
-73.910658 40.647876 211
-73.910011 40.648369 212
-73.909292 40.648807 213
-73.908412 40.649381 214
-73.907604 40.649901 215
-73.908196 40.646713 216
-73.907478 40.647178 217
-73.90658 40.647726 218
-73.929199 40.650161 219
-73.928283 40.650244 220
-73.927312 40.650285 221
-73.926324 40.650367 222
-73.92539 40.650435 223
-73.924402 40.650476 224
-73.923432 40.650558 225
-73.922515 40.650586 226
-73.921581 40.650654 227
-73.920593 40.650709 228
-73.921402 40.648725 229
-73.9223 40.648684 230
-73.923234 40.648615 231
-73.924186 40.64856 232
-73.92521 40.648478 233
-73.926127 40.648437 234
-73.927133 40.648369 235
-73.928067 40.6483 236
-73.928983 40.648232 237
-73.928804 40.646371 238
-73.927887 40.646439 239
-73.926899 40.646494 240
-73.925893 40.646549 241
-73.924995 40.646631 242
-73.924007 40.646672 243
-73.923036 40.646744 244
-73.921186 40.646853 245
-73.92974227457682 40.6462326928563 246
-73.92943823274739 40.64710993736198 247
-73.929226506958 40.64899535573407 248
-73.9292262782118 40.65041517194449 249
-73.9295396552531 40.65192444556765 250
-73.9295780444336 40.65382704144705 251
-73.92963836739675 40.65518900561953 252
-73.92931982070922 40.65669086406927 253
-73.92932759643556 40.65847751904631 254
-73.92933875617531 40.65986009937507 255
-73.9293902345703 40.66112522449419 256
-73.92924235107422 40.662888413969974 257
-73.92987 40.66451787359534 258
-73.92641434207849 40.646275685750325 259
-73.92681341847951 40.64712097598927 260
-73.92651988725824 40.64875375717656 261
-73.92630694436835 40.650381246654845 262
-73.92637697431525 40.65221159108134 263
-73.92628124679672 40.654002062425675 264
-73.92625963603403 40.655517519767876 265
-73.92659714703589 40.65667245120584 266
-73.9262343588241 40.65815526693265 267
-73.92610053277775 40.659713783904394 268
-73.92590269074833 40.66122678149101 269
-73.92636599638925 40.66282957886732 270
-73.92606578539396 40.664008297546104 271
-73.92261974868505 40.64592839583333 272
-73.92255753917492 40.6469381440137 273
-73.92259211006127 40.648681443370926 274
-73.92307648382085 40.65050979304692 275
-73.92277190186336 40.65242613170779 276
-73.92254289516409 40.65385551752445 277
-73.9225613617679 40.65519973592745 278
-73.92269099337736 40.656642168873475 279
-73.92275451853587 40.65797848960801 280
-73.92259786690461 40.65963633180498 281
-73.92264252654607 40.66174118355652 282
-73.92232862770432 40.66276394812875 283
-73.92291964377952 40.66413378420978 284
-73.9195159961359 40.645927848861696 285
-73.91961060445863 40.647362946954225 286
-73.91919183546992 40.64894691569122 287
-73.91884322449313 40.650427701606034 288
-73.91922090292505 40.652122989258686 289
-73.91922776279016 40.65329712473403 290
-73.91941963392799 40.6552393023323 291
-73.91905253617777 40.65649264473704 292
-73.9195755643772 40.65852442909043 293
-73.91915267793748 40.65985996636682 294
-73.91939844342133 40.661393528158506 295
-73.91943417515998 40.66304796770862 296
-73.91921440208029 40.66399303875704 297
-73.91564768644619 40.645793 298
-73.91559102397716 40.64757481160036 299
-73.91582634691098 40.649082315430086 300
-73.91549360165243 40.65021282711332 301
-73.91591413964292 40.65238815433319 302
-73.9155078383596 40.65373422214372 303
-73.91580427257004 40.65536686640498 304
-73.9151979935081 40.6565315637809 305
-73.9158105120968 40.6583628990291 306
-73.915649312438 40.660055546511444 307
-73.91553012679786 40.661497315446375 308
-73.9155854771495 40.663037816569776 309
-73.91564768644619 40.66451787359534 310
-73.91258378946297 40.64612547815755 311
-73.91165335133066 40.647032041962085 312
-73.91239028580513 40.64928646763536 313
-73.91168360119913 40.650388892918876 314
-73.91205837849292 40.65231195185681 315
-73.91208023744669 40.654029276868386 316
-73.91254026789024 40.654934243248476 317
-73.91207987670155 40.65724244277051 318
-73.9121092076539 40.65832461326425 319
-73.91161125583346 40.659915473477824 320
-73.91162786720425 40.661209535221815 321
-73.91186960412747 40.66299423270516 322
-73.91199393000542 40.66411471072345 323
-73.90860710146181 40.64615488700358 324
-73.90838295432452 40.647127445736444 325
-73.90853652966928 40.64891381226589 326
-73.90874748236394 40.65071852399434 327
-73.90875542959647 40.65210245914881 328
-73.90892880759787 40.6539135079184 329
-73.90849373050165 40.65473994434858 330
-73.908588507869 40.656250497056256 331
-73.90789037725114 40.65819661003172 332
-73.90818486097538 40.65955149116236 333
-73.90856653633872 40.661253242856205 334
-73.90886136390698 40.662604888367824 335
-73.90883140570378 40.664116618072086 336
-73.92783686511123 40.64650060261394 337
-73.92815666321603 40.64827655706405 338
-73.92821688759553 40.649823042858905 339
-73.92747417535962 40.651164901554225 340
-73.92793024106115 40.652498291985125 341
-73.92818372769446 40.65426202213967 342
-73.92809689399864 40.65595025518441 343
-73.92822896487625 40.65718745194243 344
-73.92766135861739 40.65926384445426 345
-73.92820061721315 40.66081789826366 346
-73.92788213293719 40.66188396557072 347
-73.92734970436818 40.6637236388421 348
-73.92485918807056 40.646541092430894 349
-73.92448416740685 40.64800654629071 350
-73.92437244437012 40.64961273820659 351
-73.92450304834092 40.650931000778755 352
-73.9244541666399 40.652544251663436 353
-73.92443306971916 40.654327045196425 354
-73.92413487801589 40.65635574812334 355
-73.92470691329675 40.65720252847941 356
-73.92456774285313 40.65915792221122 357
-73.92491448781597 40.660905377064076 358
-73.9244768204893 40.662353199341844 359
-73.92490541632468 40.663452124262356 360
-73.92057405755132 40.64679576329981 361
-73.92033859857294 40.64841819653944 362
-73.92054043073735 40.64969925896221 363
-73.92084462554712 40.65119282792882 364
-73.92067286840236 40.65278214415246 365
-73.92119304633616 40.65424488079173 366
-73.92097666490427 40.6561781165706 367
-73.92104701642802 40.657587187682594 368
-73.92085444068404 40.658949466676695 369
-73.92069975064226 40.66077462492333 370
-73.92095132671535 40.66211995897692 371
-73.92093778635255 40.66334758943126 372
-73.91781431876089 40.64639075145313 373
-73.91750396113825 40.64843610261916 374
-73.91666569379012 40.6497471419774 375
-73.9179087926247 40.6512056154447 376
-73.91706069331599 40.65302486044537 377
-73.91735339974036 40.654530541310585 378
-73.91757443233689 40.65577780163337 379
-73.91727273558367 40.65744290282799 380
-73.91735369498477 40.659305782285976 381
-73.9174424192297 40.6602346202292 382
-73.91721614211451 40.662417810058216 383
-73.91790596063208 40.663565720155944 384
-73.9133211457795 40.64650732055356 385
-73.91451256243562 40.64817638937877 386
-73.91386989725196 40.64969401533236 387
-73.91361825534078 40.65106656266264 388
-73.91403342279932 40.652491083303374 389
-73.91335622079477 40.65455781085977 390
-73.9139397794093 40.65608321211765 391
-73.91410024715212 40.657136500016286 392
-73.91404374659754 40.6588488037506 393
-73.9138269452627 40.660353182572635 394
-73.91374475629222 40.66173522135395 395
-73.91415996946152 40.66344369808316 396
-73.91013084904719 40.646367083547936 397
-73.91026147904974 40.6479864421671 398
-73.91082656250794 40.64964749899919 399
-73.9103280965187 40.65123894545687 400
-73.91070033691513 40.65297584283598 401
-73.91030786325584 40.65432950346236 402
-73.91015780228342 40.65584989599047 403
-73.91055752908527 40.65775724385831 404
-73.91065787121076 40.65897418332548 405
-73.91067385660884 40.6606886265514 406
-73.91038246934767 40.66239055989537 407
-73.90997485007303 40.66342660443263 408
-73.90708585207084 40.646429152725425 409
-73.90672430544399 40.64786542390822 410
-73.90729782726878 40.649706626806804 411
-73.90639669197476 40.651515247422026 412
-73.90670962360142 40.65293866596774 413
-73.90697274213176 40.654676707838036 414
-73.90722024817441 40.6561551810356 415
-73.90736405935756 40.657508190952655 416
-73.90683929621183 40.65922202768989 417
-73.90679257654324 40.66106128621184 418
-73.90688451844767 40.6626309864039 419
-73.90634411870047 40.663144567797175 420
-73.92542056152394 40.66211941526241 421
-73.90816557258098 40.6561099564437 422
-73.9198232069512 40.65247871864483 423
-73.92394779533161 40.65758030130066 424
-73.91323935777947 40.65523982715001 425
-73.92622315425882 40.64902842112284 426
-73.92036072701575 40.66144188939813 427
-73.92774165690072 40.66036845416215 428
-73.92699583518495 40.65410237654151 429
-73.90909215990007 40.66186889723912 430
-73.9159854889868 40.660192602479405 431
-73.91263818886242 40.64832934109985 432
